seed = 1
ll = -15369.073242
loss_zeroone = 0.139799
loss_symmetric = 0.200357
fscore = 0.741162
clusters = [[10683,10668,10397,10577,10634,10592,10608,10469,10573,10764,10742,10755,10703,10524,10554,10757,10467,10786,10689,10415,10491,10752,10646,10605,10432,10538,10444,10618,10701,10480,10588,10559,10488,10648,10449,10402,10454,10645,10405,10544,10723,10401,10704,10597,10697,10716,10780,10767,10718,10509,10756,10667,10759,10598,10635,10421,10612,10453,10707,10506,10404,10492,10685,10519,10570,10445,10640,10481,10578,10744,10558,10708,10438,10565,10587,10527,10792,10746,10474,10553,10466,10642,10695,10737,10700,10551,10572,10745,10740,10568,10628,10414,10639,10471,10674,10429,10670,10585,10761,10779,10441,10593,10406,10782,10549,10581,10785,10790,10721,10525,10539,10765,10531,10425,10620,10575,10706,10448,10541,10766,10732,10500,10472,10590,10768,10731,10521,10682,10458,10557,10546,10733,10586,10649,10542,10413,10664,10485,10604,10420,10666,10758,10677,10476,10528,10627,10478,10727,10734,10582,10773,10486,10543,10684,10663,10714,10580,10484,10594,10686,10630,10455,10603],[10396,10774,10754,10632,10517,10730,10644,10738,10576,10692,10617,10710,10669,10522,10564,10440,10616,10675,10435,10688,10636,10494,10416,10629,10778,10436,10660,10622,10678,10520,10479,10726,10446,10641,10408,10496,10477,10514,10777,10715,10423,10770,10460,10665,10464,10567,10490,10450,10433,10652,10614,10526,10566,10489,10672,10705,10694,10447,10482,10424,10555,10537]]
theta = [[0.657266,0.047356,-0.062311,0.301226,0.301226,0.000000,-0.099682,0.894880,0.186554,0.017329,0.017329,-0.021888,-0.021888,0.045868,0.045868,0.018570,0.528628,-0.027237,0.055029,-0.014734,0.000000,0.000000,0.000000,0.087957,0.011711,0.065537,-0.036409,0.016761,0.016761,0.145252,0.190157,0.041417,0.041417,0.084871,-0.002812,-0.039764,-0.043197,-0.057056,-0.057056,-0.017311,-0.017311,0.125467,0.125467],[1.075138,0.057464,0.081451,0.149247,0.149247,0.000000,0.266279,0.266279,0.117111,0.048188,0.048188,-0.032826,-0.032826,-0.000759,-0.000759,0.021184,0.542530,0.092727,0.039342,0.011102,0.000000,0.000000,0.997157,0.359924,-0.010354,0.037079,-0.028251,-0.027952,-0.027952,0.198756,0.367421,-0.042731,-0.042731,-0.165002,-0.004208,-0.034918,-0.039308,-0.038477,-0.038477,0.043520,0.043520,0.097434,0.097434]]
alpha = [0.962137,1.293038]
runtime = 1496.120117
