seed = 2
ll = -373.479095
loss_zeroone = 0.355159
loss_symmetric = 0.221174
fscore = 0.467387
clusters = [[10930,10981,11009,10934,10997,11011,10939,10960,10950,10942,10956,10963,10972,11002,11008,10990,10947,11012,10936,10974,10938,10946,10988,10992,10977,10984],[11009,11011,10939,10960,10950,10942,10956,10963,10972,11002,11008,10990,10947,11012,10964,10951,10935,10948,10955,10989,10944,11013,10936,10974,10957,10993,10938,10946,10988,10937,10953,10998,10970,11000,11003,10992,10977,10940,10943,10941,10962,10971,10958,10965,10986,10968,10973,10967,10987],[10930,10981,10932,10991,10961,11004,11010,10999,10969,10996,10982,11005,10933,10934,10997,10942,10972,10947,10964,10951,10935,10948,10955,10989,10944,11013,10957,10993,10946,10953,10998,11003,10992,10977,10940,10962,10971,10945,10958,10954,10968,10966,10976,10984],[10931,10932,10991,10961,11004,11010,10999,10969,10996,10959,11005,10933,10934,11011,10951,10944,10938,10946,10937,10953,10998,10970,11000,11003,10977,10940,10941,10962,10971,10945,10958,10965,10986,11001,10975,10966,10973,10967,10985,10987],[10961,11009,10934,10997,10939,10960,10950,10942,10956,10963,10972,11002,11008,10990,10947,11012,10964,10951,10935,10948,10955,10989,10944,11013,10936,10974,10957,10993,10988,10937,10953,10998,11000,11003,10940,10962,10971,10958,10979,10983,10968,10949,10995,11006,10978,10966,10976],[10931,10932,10991,10961,11004,11010,10999,10969,10996,10959,10982,11005,10933,11009,10934,10997,11011,10939,10960,10950,10942,10956,10963,10972,11002,11008,10990,10947,11012,10936,10970,10943,10965,10979,10983,10954,10949,10995,11006,11001,10975,10978,10966,10976,10973,10967,10985],[10930,10981,10932,10991,11004,11010,10999,10969,10982,11005,10964,10951,10935,10948,10955,10989,10944,11013,10957,10993,10938,10946,10937,10998,10970,10992,10977,10943,10941,10945,10965,10986,10979,10983,10954,10968,10949,10995,11006,11001,10975,10978,10984,10987]]
theta = [[1.206044,1.100602,0.000000,0.000000,0.000000,0.126042,0.247952,-0.000390,-0.000390,0.000000],[1.193583,-0.071233,0.000000,0.000000,0.000000,0.149331,-0.107790,0.170265,0.170265,0.980156],[0.923927,-0.033394,0.000000,0.000000,0.000000,0.088780,0.061237,0.005122,0.005122,0.980156],[1.034348,-0.060214,0.000000,0.000000,0.000000,0.136868,0.213562,-0.114006,0.846454,0.000000],[1.090726,0.030778,0.000000,0.000000,0.000000,0.033466,0.030644,0.065447,0.065447,0.000000],[1.402648,0.078320,0.980156,0.000000,0.000000,0.051608,0.123580,0.143972,0.143972,0.000000],[1.150393,0.933573,0.000000,0.000000,0.000000,-0.114586,0.095429,0.140826,0.140826,0.000000]]
alpha = [1.131645,1.062863,0.925038,0.868174,0.997681,1.179117,1.007447]
runtime = 6.470000
