seed = 1
ll = -499.415985
loss_zeroone = 0.291667
loss_symmetric = 0.199497
fscore = 0.506908
clusters = [[11009,10934,10997,11011,10939,10960,10950,10942,10956,10963,10972,11002,11008,10990,10947,11012,10951,10948,10989,10936,10974,10938,10946,10988,10937,10998,10992,10977,10962,10968],[10930,10981,11011,10964,10951,10935,10948,10955,10989,10944,11013,10957,10993,10938,10946,10937,10953,10998,10970,11000,11003,10992,10977,10940,10941,10962,10971,10958,10965,10986,10968,10973,10967,10984,10987],[10932,10991,11004,11010,10999,10969,10996,10982,11005,11009,10934,10997,11011,10939,10960,10950,10942,10956,10963,10972,11002,11008,10990,10947,11012,10936,10970,10943,10941,10945,10965,10986,11001,10975,10973,10967],[10931,10932,10991,10961,11004,11010,10999,10969,10996,10959,10982,11005,10933,10964,10951,10935,10948,10955,10989,10944,11013,10957,10993,10946,10953,10998,11000,11003,10940,10962,10971,10958,10979,10983,10954,10949,10995,11006,11001,10975,10978,10966,10976,10985]]
theta = [[1.383031,0.219963,0.000000,0.000000,0.000000,0.816856,0.134406,0.079575,0.079575,0.000000],[1.187791,-0.043806,0.000000,0.000000,0.974487,0.205674,0.292409,0.128753,0.128753,0.000000],[1.479263,0.089360,0.000000,0.000000,0.974487,-0.141138,0.020112,0.219792,0.219792,0.000000],[1.154711,-0.040763,0.974487,0.000000,0.000000,0.131071,0.356822,0.065073,0.065073,0.000000]]
alpha = [0.844396,1.002340,1.164346,1.024857]
runtime = 4.740000
