seed = 2
ll = -775.155029
loss_zeroone = 0.083333
loss_symmetric = 0.145833
fscore = 0.829268
clusters = [[11009,10934,10997,11011,10939,10960,10950,10942,10956,10963,10972,11002,11008,10990,10947,11012,10936]]
theta = [[1.443267,0.969396,0.000000,0.000000,0.000000,0.291480,0.304938,-0.002372,-0.002372,0.000000]]
alpha = [1.644322]
runtime = 1.070000
