seed = 2
ll = -319.220612
loss_zeroone = 0.345238
loss_symmetric = 0.232067
fscore = 0.447523
clusters = [[10930,10981,11009,10934,10997,11011,10939,10960,10950,10942,10956,10963,10972,11002,11008,10990,10947,11012,10964,10951,10935,10948,10955,10989,10944,11013,10936,10974,10957,10993,10938,10946,10988,10937,10953,10998,11000,11003,10992,10977,10940,10962,10971,10958,10968,10984],[11009,10934,11011,10939,10960,10950,10942,10956,10963,10972,11002,11008,10990,10947,11012,10951,10948,10989,10944,10936,10938,10946,10937,10953,10998,10970,11000,10992,10977,10940,10943,10941,10962,10971,10958,10965,10986,10968,10973,10967,10987],[10931,10932,10991,10961,11004,11010,10999,10969,10996,10959,10982,11005,10933,10964,10951,10935,10948,10955,10989,10944,11013,10957,10993,10946,10937,10953,10998,10970,11000,11003,10977,10940,10943,10941,10962,10971,10945,10958,10965,10986,10954,10968,11001,10975,10966,10976,10973,10967,10985,10987],[10932,10991,11004,11010,10999,10969,10996,10959,10982,11005,10933,10951,10935,10948,10955,10989,10944,11013,10957,10993,10938,10946,10937,10998,11003,10992,10977,10962,10945,10958,10965,10968,11001,10975,10984],[10931,10932,10991,10961,11004,11010,10999,10969,10996,10959,10982,11005,11009,10934,10997,11011,10939,10960,10950,10942,10956,10963,10972,11002,11008,10990,10947,11012,10936,10974,10938,10946,10988,10970,10977,10943,10945,10965,10979,10983,10954,10949,10995,11006,11001,10975,10978,10966,10976,10973,10967,10985],[10930,10981,10932,10991,10961,11004,11010,10999,10969,10996,10982,11005,10933,11009,10934,10997,11011,10939,10960,10950,10942,10956,10963,10972,11002,11008,10990,10947,11012,10964,10951,11013,10936,10974,10993,10938,10988,10937,10970,10992,10943,10941,10965,10986,10979,10983,10954,10949,10995,11006,11001,10975,10978,10966,10976,10973,10985,10984,10987],[10931,10932,10961,10959,11009,10934,10997,10939,10960,10950,10942,10956,10963,10972,11002,11008,10990,10947,11012,10964,10935,10948,10955,10989,10944,11013,10936,10957,10993,10941,10979,10983,10949,10995,11006,10978,10966,10976],[10930,10981,10931,10932,10991,11004,11010,10999,10969,10996,11005,10933,10934,10997,11011,10942,10947,10944,10974,10988,10937,10953,10998,10970,11000,11003,10992,10940,10941,10962,10971,10945,10958,10986,10949,10995,11006,11001,10978,10967,10984,10987],[10930,10981,11010,11011,10964,10951,10935,10948,10955,10989,10944,11013,10957,10993,10938,10946,10953,10998,10970,11003,10992,10977,10940,10941,10962,10971,10965,10986,10979,10983,10968,10949,10995,11006,10975,10978,10966,10976,10973,10967,10984]]
theta = [[1.299660,0.960865,0.000000,0.000000,0.000000,0.301867,-0.000064,0.148893,0.148893,0.000000],[1.043207,-0.004372,0.000000,0.000000,0.000000,0.133129,0.077593,0.186027,0.186027,0.974487],[1.325066,0.019529,0.000000,0.000000,0.000000,0.078821,0.240088,0.081853,0.081853,0.974487],[0.851344,0.004468,0.000000,0.000000,0.000000,-0.012033,0.021955,-0.146852,0.802270,0.000000],[1.343510,0.022756,0.000000,0.000000,0.000000,0.081788,0.085637,0.149952,0.149952,0.000000],[1.141506,-0.000124,0.974487,0.000000,0.000000,-0.051432,-0.001898,0.056603,0.056603,0.000000],[1.186739,0.856382,0.000000,0.000000,0.000000,0.046866,0.003085,0.071213,0.071213,0.000000],[0.969958,0.013234,0.000000,0.000000,0.000000,-0.018663,0.071391,0.826577,-0.122545,0.000000],[1.024959,1.023965,0.000000,0.000000,0.000000,0.000092,0.118446,0.006368,0.006368,0.000000]]
alpha = [1.224057,1.054962,1.229804,0.795400,1.219437,1.093080,1.096959,0.868372,1.097963]
runtime = 10.150000
