seed = 3
ll = -457.337067
loss_zeroone = 0.283333
loss_symmetric = 0.193350
fscore = 0.518608
clusters = [[11009,10934,11011,10939,10960,10950,10942,10956,10963,10972,11002,11008,10990,10947,11012,10964,10951,10935,10948,10955,10989,10944,11013,10936,10974,10957,10993,10938,10946,10988,10998,10992,10977,10962,10968,10984],[11010,11011,10951,10935,10948,10955,10989,10944,11013,10957,10993,10938,10946,10937,10953,10998,10970,11000,11003,10977,10940,10962,10971,10958,10965,10968,11001,10975],[10931,10932,10991,11004,11010,10999,10969,10996,10959,10982,11005,10933,11009,10934,10997,11011,10939,10960,10950,10942,10956,10963,10972,11002,11008,10990,10947,11012,10936,10970,10943,10945,10965,10954,11001,10975,10967],[10961,11009,10934,10997,10939,10960,10950,10942,10956,10963,10972,11002,11008,10990,10947,11012,10936,10974,10938,10988,10970,10941,10986,10979,10983,10949,10995,11006,10978,10966,10976,10973,10987],[10930,10981,10932,10991,10961,11004,11010,10999,10969,10996,10982,11005,10933,10964,10951,10944,10946,10937,10953,10998,10970,11000,11003,10992,10940,10941,10962,10971,10958,10986,10979,10983,10949,10995,11006,10978,10966,10976,10973,10985,10984,10987]]
theta = [[1.225053,0.028572,0.977322,0.000000,0.000000,0.265696,0.026935,0.077537,0.077537,0.000000],[1.154333,-0.037558,0.000000,0.000000,0.000000,0.929481,0.222509,0.177390,0.177390,0.000000],[1.344271,0.088739,0.000000,0.000000,0.977322,0.124396,0.052117,0.195522,0.195522,0.000000],[1.026934,0.115583,0.977322,0.000000,0.000000,0.086682,0.212190,-0.070749,-0.070749,0.000000],[1.157906,0.016834,0.977322,0.000000,0.000000,-0.123282,0.384008,0.047270,0.047270,0.000000]]
alpha = [0.897642,0.765898,0.960210,0.839767,0.938872]
runtime = 5.350000
