seed = 0
ll = -6621.481445
loss_zeroone = 0.095989
loss_symmetric = 0.146884
fscore = 0.665805
clusters = [[11334,11043,11086,11242,11337,11256,11026,11119,11306,11170,11117,11031,11047,11097,11173,11073,11175,11042,11104,11081,11292,11134,11029,11090,11347,11116,11314,11258,11362,11310,11027,11330,11136,11060,11045,11255,11311,11033,11070,11352,11120,11353,11230,11191,11302,11345,11336,11279,11135,11158,11140,11217,11227,11034,11286,11270,11265,11260,11202,11040,11273,11218,11253,11063,11285,11363,11112,11262,11046,11163,11067],[11200,11133,11018,11187,11325,11276,11023,11299,11180,11038,11113,11085,11288,11206,11093,11359,11083,11272,11019,11194,11179,11164,11058,11193,11243,11309,11337,11026,11307,11119,11281,11151,11190,11195,11354,11249,11355,11314,11351,11157,11358,11064,11041,11246,11114,11111,11084,11220,11074,11264,11124]]
theta = [[1.321610,-0.011905,0.056225,0.023329,0.023329,0.000000,0.017662,0.017662,0.085474,0.116529,0.116529,0.083752,0.000000,0.060586,0.011579,0.011579,0.048282,0.048282,0.005722,0.005722,0.106309,-0.025220,-0.025220,0.023290,0.023290,-0.006899,-0.006899,0.075854,0.000000,0.000000,0.000000,0.000000,0.000000,0.000000,0.000000,0.000000,0.000000,0.131665,0.000000,0.000000,0.029818,0.005209,0.005209,0.000000,0.018678,0.000000,0.000000,-0.022936,-0.022936,0.000000,0.000000,0.000000,0.000000,-0.008624,-0.004977,0.018083,0.018083,0.000000,0.000000,-0.005481,0.999087,0.000000,0.000000,0.004035,0.004035],[1.320019,-0.011734,0.065060,0.019202,0.019202,0.000000,-0.001476,-0.001476,0.041913,0.104238,0.104238,0.052984,0.000000,0.029353,-0.015855,-0.015855,0.055266,0.055266,0.005656,0.005656,0.147935,-0.024867,-0.024867,-0.011695,-0.011695,-0.022756,-0.022756,0.045158,0.000000,0.000000,0.000000,0.000000,0.000000,0.000000,0.000000,0.000000,0.000000,0.118060,0.000000,0.000000,-0.016262,0.005149,0.005149,0.000000,-0.027136,0.000000,0.000000,-0.022536,-0.022536,0.000000,0.000000,0.000000,0.000000,-0.001811,0.993415,0.017881,0.017881,0.000000,0.000000,-0.005404,0.000000,0.000000,0.000000,0.003989,0.003989]]
alpha = [1.390402,1.378953]
runtime = 334.449982
