seed = 2
ll = -5849.663086
loss_zeroone = 0.181471
loss_symmetric = 0.179420
fscore = 0.566548
clusters = [[11334,11043,11086,11242,11337,11256,11026,11307,11119,11306,11170,11117,11031,11047,11097,11173,11073,11175,11042,11249,11104,11081,11292,11134,11029,11090,11347,11232,11116,11314,11258,11362,11310,11027,11330,11136,11060,11045,11255,11311,11033,11070,11352,11120,11353,11230,11191,11302,11345,11336,11279,11135,11158,11140,11217,11227,11034,11286,11270,11265,11260,11202,11040,11273,11218,11253,11063,11350,11285,11363,11112,11262,11346,11046,11163,11065,11067],[11016,11335,11145,11129,11254,11076,11115,11131,11017,11103,11284,11204,11037,11278,11341,11240,11208,11101,11183,11149,11207,11323,11142,11239,11071,11096,11150,11035,11215,11184,11332,11153,11334,11020,11086,11242,11233,11078,11122,11303,11022,11108,11222,11283,11094,11344,11319,11052,11337,11256,11026,11024,11072,11119,11281,11151,11190,11117,11047,11195,11097,11175,11354,11292,11029,11355,11314,11351,11157,11089,11358,11064,11070,11352,11353,11302,11336,11279,11158,11217,11182,11260,11202,11040,11273,11253,11171,11321,11205,11044,11315,11236,11063,11210,11100,11121,11082,11340,11163,11221,11160,11139,11057,11068,11294,11312,11247,11277,11161,11238,11127,11152,11342,11338,11092,11088,11296,11313,11084,11220,11099,11074,11264,11197,11245,11216,11106,11219,11118,11199,11168,11304],[11200,11133,11018,11187,11325,11276,11023,11299,11180,11038,11113,11085,11288,11206,11093,11359,11083,11272,11019,11194,11179,11164,11058,11193,11228,11243,11291,11322,11309,11026,11307,11119,11281,11151,11190,11195,11354,11249,11355,11314,11351,11157,11358,11064,11041,11246,11079,11275,11114,11201,11125,11156,11165,11098,11252,11248,11196,11111,11241,11144,11177,11084,11220,11080,11237,11250,11124,11130,11110,11280,11298]]
theta = [[1.354777,-0.024086,0.058759,0.013826,0.013826,0.000000,0.035972,0.035972,0.125375,0.112185,0.112185,0.172970,0.000000,0.082540,0.042564,0.042564,0.030459,0.030459,0.002031,0.002031,0.152593,-0.031111,-0.031111,0.039673,0.039673,0.010169,0.010169,0.162697,0.000000,0.000000,0.000000,0.000000,0.000000,0.000000,0.000000,0.000000,0.000000,0.158079,0.000000,0.000000,0.039969,0.001649,0.001649,0.000000,0.027014,0.000000,0.000000,-0.050369,-0.050369,0.000000,0.000000,0.000000,0.000000,-0.005348,-0.005365,0.014652,0.014652,0.000000,0.000000,-0.004952,0.000000,0.000000,0.000000,-0.000009,-0.000009],[1.025687,-0.012543,0.054159,0.012831,0.012831,0.000000,-0.028126,-0.028126,0.025922,0.070854,0.070854,0.010712,0.000000,0.012940,-0.033789,-0.033789,-0.025097,-0.025097,0.001804,0.001804,0.010727,0.016486,0.016486,-0.011439,-0.011439,-0.015024,-0.015024,0.003957,0.000000,0.000000,0.000000,0.000000,0.000000,0.000000,0.000000,0.000000,0.000000,-0.003046,0.000000,0.000000,-0.015317,0.001465,0.001465,0.000000,-0.023053,0.000000,0.000000,0.048334,0.048334,0.000000,0.998355,0.000000,0.000000,0.014574,-0.004443,0.013171,0.013171,0.000000,0.000000,-0.001782,0.000000,0.000000,0.000000,-0.000006,-0.000006],[1.287850,-0.023043,0.030113,-0.000672,-0.000672,0.000000,-0.008980,-0.008980,0.041689,0.137307,0.137307,0.039257,0.000000,0.016921,-0.032598,-0.032598,0.124449,0.124449,0.001924,0.001924,0.149531,-0.029793,-0.029793,-0.017473,-0.017473,-0.060700,-0.060700,0.029456,0.000000,0.000000,0.000000,0.000000,0.000000,0.000000,0.000000,0.000000,0.000000,0.109171,0.000000,0.000000,-0.026309,0.001557,0.001557,0.000000,-0.038681,0.000000,0.000000,-0.048119,-0.048119,0.998355,0.000000,0.000000,0.000000,0.021400,-0.005075,0.014082,0.014082,0.000000,0.000000,-0.004700,0.000000,0.000000,0.000000,-0.000001,-0.000001]]
alpha = [1.281218,1.063732,1.229987]
runtime = 2951.424805
