seed = 2
ll = -8141.973145
loss_zeroone = 0.117479
loss_symmetric = 0.317206
fscore = 0.523365
clusters = [[11334,11086,11242,11337,11256,11119,11117,11047,11097,11175,11292,11029,11314,11310,11070,11352,11120,11353,11302,11345,11336,11279,11135,11158,11140,11217,11286,11265,11260,11202,11040,11273,11218,11253,11063,11163]]
theta = [[1.705251,0.005659,0.147021,0.060857,0.060857,0.000000,-0.002030,-0.002030,0.067179,0.065201,0.065201,-0.007018,0.000000,0.050126,-0.006969,-0.006969,-0.014856,-0.014856,0.016099,0.016099,0.135941,-0.012062,-0.012062,-0.009610,-0.009610,-0.019559,-0.019559,-0.031615,0.000000,0.000000,0.000000,0.000000,0.000000,0.000000,0.000000,0.000000,0.000000,0.158539,0.000000,0.000000,0.011042,0.014737,0.014737,0.000000,-0.004853,0.000000,0.000000,0.028413,0.028413,0.000000,0.000000,0.000000,0.000000,0.002894,0.007360,0.041349,0.041349,0.000000,0.000000,0.009931,0.000000,0.000000,0.000000,0.011653,0.011653]]
alpha = [1.832789]
runtime = 95.160004
