seed = 2
ll = -8125.790527
loss_zeroone = 0.131829
loss_symmetric = 0.080416
fscore = 0.293140
clusters = [[14813,15041,14983,15026,14913,14842,14971,14976,15126,14910,15023,14964,14879,15186,14816,15164,15195,14840,15190,15108,14895,15112,14905,14986,14837,14828,15030,15100,14981,14870,14821,14961,15042,14901,14850,14891,14898,15096,15122,14863,15088,15017,15065,14843,15091,15131,14884,14839,15144,15120,14998,15145,14954,15004,15205,14947,14939,15050,15174,15118,15183,15149,14999,14928,14972],[14904,14812,15082,14883,14896,15033,15135,14855,15020,14960,15070,14993,15009,15173,15059,14849,15046,15052,14906,15097,14929,15011,14945,14946,14819,14918,15155,15090,15134,15172,15000,14996,15117,15062,15223,15064,14848,14822,14824,15170,15141,15101,14955,15109,15161,15080,15143,14830,15029,15175,14977,14980,14847,15197,14935,14995,15071,15087,15005,14829,15115,15038,15025,15185,15212,14868,15220,15124,15216]]
theta = [[1.342592,0.000000,0.026341,0.945103,-0.054147,0.000000,-0.016212,-0.016212,0.058806,-0.019041,-0.019041,0.069311,0.069311,0.044889,0.006767,0.006767,-0.009388,-0.009388,0.016762,0.016762,0.050582,0.000000,-0.000080,0.000000,0.162692,0.029550,0.029550,0.007071,0.007071,0.015496,0.016093,0.002880,0.000000,0.000000,0.004646,0.000000,0.000000,0.000000,0.000000,0.003324,0.000000,0.000000,0.000465,0.010254,-0.003668,-0.003668,0.000000,0.000000,-0.000847,0.000000,-0.001439,0.000000,0.000000,0.000000,0.000000,-0.015440,0.000000,0.000000,0.000000,0.000000,0.000000,0.000000,0.000000,0.000000,0.000000,0.000000,0.000000,0.000000,0.000000,0.000000,0.000000,0.015079,0.015079,-0.006720,-0.006720,0.000000,0.064722,0.064722],[1.318031,0.000000,0.034983,0.012584,1.012093,0.000000,0.075598,0.075598,0.051915,0.036841,0.036841,0.066096,0.066096,0.043830,-0.000143,-0.000143,0.000768,0.000768,0.025316,0.025316,0.049809,0.000000,-0.000120,0.000000,0.170257,0.027072,0.027072,-0.002399,-0.002399,0.025519,0.039234,0.002898,0.000000,0.000000,0.004680,0.000000,0.000000,0.000000,0.000000,0.005827,0.000000,0.000000,-0.005641,-0.012938,-0.001573,-0.001573,0.000000,0.000000,-0.000867,0.000000,-0.001466,0.000000,0.000000,0.000000,0.000000,-0.017375,0.000000,0.000000,0.000000,0.000000,0.000000,0.000000,0.000000,0.000000,0.000000,0.000000,0.000000,0.000000,0.000000,0.000000,0.000000,0.028858,0.028858,0.006049,0.006049,0.000000,0.085327,0.085327]]
alpha = [1.359401,1.381562]
runtime = 553.859985
