seed = 3
ll = -9959.663086
loss_zeroone = 0.078385
loss_symmetric = 0.241621
fscore = 0.400000
clusters = [[15082,14896,15033,15135,14855,15020,14960,15070,14993,15009,15173,15059,14849,15097,14929,15011,14946,14819,14918,15090,15134,14996,15117,15062,15064,14822,14824,15170,15109,15161,15143,14830,14847,14995,15071,15005]]
theta = [[1.701464,0.000000,0.056799,0.113978,0.113978,0.000000,0.077390,0.077390,0.081318,0.025815,0.025815,0.088371,0.088371,0.042717,0.055927,0.055927,-0.004353,-0.004353,0.079528,0.079528,0.052492,0.000000,0.014147,0.000000,0.246498,0.010248,0.010248,-0.001605,-0.001605,-0.030083,-0.017896,0.007349,0.000000,0.000000,0.011161,0.000000,0.000000,0.000000,0.000000,0.004100,0.000000,0.000000,-0.000318,-0.017075,-0.011962,-0.011962,0.000000,0.000000,0.994096,0.000000,-0.003414,0.000000,0.000000,0.000000,0.000000,-0.021189,0.000000,0.000000,0.000000,0.000000,0.000000,0.000000,0.000000,0.000000,0.000000,0.000000,0.000000,0.000000,0.000000,0.000000,0.000000,0.048780,0.048780,-0.003375,-0.003375,0.000000,0.093072,0.093072]]
alpha = [1.809516]
runtime = 210.529999
