seed = 4
ll = -165.746658
loss_zeroone = 0.372222
loss_symmetric = 0.294124
fscore = 0.459325
clusters = [[11365,11406,11372,11371,11388,11391,11368,11381,11401,11389,11369,11394,11404,11370,11405,11396,11383,11402,11386,11408,11378,11379,11407],[11365,11406,11372,11371,11388,11366,11391,11393,11376,11392,11367,11369,11385,11380,11378,11384,11395,11407,11382,11375,11377],[11368,11381,11401,11389,11369,11394,11404,11370,11405,11396,11402,11385,11400,11384,11395,11397,11382,11375,11390,11399,11403],[11366,11391,11393,11376,11392,11367,11369,11404,11383,11386,11408,11400,11384,11379,11397,11407,11382,11390,11373,11399,11377,11387],[11406,11371,11392,11368,11381,11401,11389,11369,11394,11404,11405,11383,11402,11386,11385,11380,11378,11400,11395,11397,11390,11373,11399,11403,11387]]
theta = [[1.314797,0.000000,0.000000,0.000000,0.927938,0.000000,0.000000,0.161006,0.000000,0.000000,0.000000],[1.367629,0.000000,0.940741,0.000000,0.075610,0.000000,0.000000,0.072920,0.000000,0.000000,0.000000],[1.238695,0.940741,0.000000,0.000000,0.295636,0.000000,0.000000,0.137328,0.000000,0.000000,0.000000],[1.364205,0.940741,0.000000,0.000000,0.313578,0.000000,0.000000,0.194315,0.000000,0.000000,0.000000],[0.998066,0.000000,0.000000,0.000000,0.032649,0.000000,0.940741,0.025621,0.000000,0.000000,0.000000]]
alpha = [1.052497,1.009075,0.971536,1.040954,0.827233]
runtime = 0.830000
