seed = 4
ll = -258.847229
loss_zeroone = 0.255556
loss_symmetric = 0.309115
fscore = 0.538820
clusters = [[11368,11381,11401,11389,11369,11394,11404,11370,11405,11396,11402],[11391,11369,11404,11383,11386,11408,11400,11384,11379,11397,11407,11382,11390,11399]]
theta = [[1.121066,0.000000,0.000000,0.000000,1.030400,0.000000,0.000000,0.042966,0.000000,0.000000,0.000000],[1.132366,0.000000,0.985185,0.000000,-0.012145,0.000000,0.000000,0.130457,0.000000,0.000000,0.000000]]
alpha = [1.016378,1.035055]
runtime = 0.430000
