seed = 2
ll = -311.181580
loss_zeroone = 0.244444
loss_symmetric = 0.300420
fscore = 0.592593
clusters = [[11368,11381,11401,11389,11369,11394,11404,11370,11405,11402]]
theta = [[1.347814,0.000000,0.000000,0.000000,0.469842,0.000000,0.000000,-0.014700,0.000000,0.000000,0.000000]]
alpha = [1.468232]
runtime = 0.220000
