seed = 4
ll = -113.608025
loss_zeroone = 0.333333
loss_symmetric = 0.260269
fscore = 0.496042
clusters = [[11391,11367,11368,11381,11401,11389,11369,11394,11404,11370,11405,11396,11383,11402,11386,11385,11380,11408,11378,11395,11379,11397,11390,11403,11387],[11368,11381,11401,11389,11369,11394,11404,11370,11405,11383,11402,11386,11380,11400,11384,11395,11397,11407,11382,11375,11390,11373,11399,11403],[11365,11406,11372,11371,11388,11391,11392,11367,11369,11404,11383,11386,11385,11408,11378,11400,11384,11395,11379,11397,11407,11382,11390,11399,11403,11387],[11365,11406,11372,11371,11388,11391,11368,11381,11401,11389,11369,11394,11404,11370,11405,11396,11402,11386,11408,11378,11384,11379,11407,11382,11375],[11406,11366,11391,11393,11376,11392,11368,11381,11401,11389,11394,11404,11370,11405,11396,11383,11402,11386,11408,11378,11407,11390,11373,11403,11377,11387],[11366,11391,11393,11376,11392,11367,11369,11404,11383,11386,11380,11408,11400,11384,11379,11397,11407,11382,11375,11390,11373,11399,11377],[11365,11406,11372,11371,11388,11366,11391,11393,11376,11392,11367,11369,11380,11378,11384,11407,11382,11375,11377],[11365,11406,11372,11371,11388,11366,11393,11376,11392,11368,11381,11401,11389,11369,11394,11404,11396,11383,11402,11385,11400,11395,11397,11390,11373,11399,11377,11387],[11371,11366,11393,11376,11392,11368,11381,11389,11369,11394,11370,11405,11396,11402,11385,11380,11378,11395,11377]]
theta = [[0.890309,0.000000,0.000000,0.000000,0.839165,0.000000,0.000000,0.012905,0.000000,0.000000,0.000000],[1.108129,0.000000,0.962963,0.000000,-0.022531,0.000000,0.000000,0.165176,0.000000,0.000000,0.000000],[1.216735,0.962963,0.000000,0.000000,0.010292,0.000000,0.000000,0.306899,0.000000,0.000000,0.000000],[1.177427,0.962963,0.000000,0.000000,0.243711,0.000000,0.000000,0.069892,0.000000,0.000000,0.000000],[0.968744,0.000000,0.000000,0.000000,0.008886,0.000000,0.962963,-0.003631,0.000000,0.000000,0.000000],[1.115134,0.000000,0.000000,0.000000,0.141035,0.000000,0.000000,0.024916,0.000000,0.000000,0.962963],[1.208511,0.000000,0.000000,0.000000,0.160093,0.962963,0.000000,0.032508,0.000000,0.000000,0.000000],[1.118047,0.000000,0.000000,0.000000,0.051385,0.962963,0.000000,0.111208,0.000000,0.000000,0.000000],[0.886421,0.000000,0.000000,0.000000,0.125014,0.000000,0.000000,0.642737,0.000000,0.000000,0.000000]]
alpha = [0.946872,0.980636,1.056876,1.051156,0.908705,0.997456,1.050599,0.993903,0.702530]
runtime = 1.090000
