seed = 4
ll = -210.033493
loss_zeroone = 0.311111
loss_symmetric = 0.238305
fscore = 0.547728
clusters = [[11391,11367,11368,11381,11401,11389,11369,11394,11404,11370,11405,11396,11402,11386,11380,11408,11384,11379,11407,11382,11375,11373],[11365,11406,11372,11371,11388,11366,11391,11393,11376,11392,11369,11404,11383,11386,11408,11378,11384,11379,11397,11407,11382,11390,11377],[11368,11381,11401,11389,11369,11394,11404,11370,11405,11396,11383,11402,11385,11400,11395,11397,11390,11399,11403]]
theta = [[0.811367,0.000000,0.000000,0.000000,0.921195,0.000000,0.000000,-0.058964,0.000000,0.000000,0.000000],[1.369325,0.000000,0.940741,0.000000,0.133877,0.000000,0.000000,0.240580,0.000000,0.000000,0.000000],[1.372458,0.940741,0.000000,0.000000,0.331103,0.000000,0.000000,0.163803,0.000000,0.000000,0.000000]]
alpha = [1.091394,1.320753,1.343117]
runtime = 1.719537
