seed = 0
ll = -135.310806
loss_zeroone = 0.327778
loss_symmetric = 0.228507
fscore = 0.522528
clusters = [[11365,11406,11372,11388,11391,11367,11368,11381,11401,11389,11369,11394,11404,11405,11396,11383,11402,11386,11385,11380,11408,11378,11379,11407,11373,11387],[11391,11368,11381,11401,11389,11369,11394,11404,11370,11405,11383,11402,11386,11385,11380,11400,11384,11395,11397,11407,11382,11375,11390,11399,11403,11387],[11366,11391,11393,11376,11392,11368,11381,11401,11389,11369,11394,11404,11370,11405,11396,11402,11386,11408,11378,11384,11379,11407,11382,11390,11373,11403,11377],[11406,11371,11366,11391,11393,11376,11392,11367,11369,11404,11386,11385,11408,11378,11400,11395,11379,11397,11390,11399,11403,11377],[11365,11406,11372,11371,11388,11368,11381,11401,11389,11369,11394,11404,11370,11405,11396,11383,11402,11378,11400,11395,11397,11390,11399],[11365,11406,11372,11371,11388,11366,11391,11393,11376,11392,11367,11369,11404,11383,11386,11380,11408,11400,11384,11379,11397,11407,11382,11375,11390,11373,11399,11377,11387],[11365,11406,11372,11371,11388,11366,11391,11393,11376,11392,11367,11369,11385,11378,11384,11395,11407,11382,11375,11377]]
theta = [[1.101703,0.901235,0.000000,0.000000,0.373054,0.000000,0.000000,-0.000453,0.000000,0.000000,0.000000],[1.437321,0.000000,0.000000,0.000000,-0.053844,0.000000,0.901235,0.060552,0.000000,0.000000,0.000000],[1.143037,0.000000,0.901235,0.000000,0.397233,0.000000,0.000000,0.111151,0.000000,0.000000,0.000000],[0.983702,0.000000,0.000000,0.000000,0.298902,0.000000,0.000000,0.296987,0.000000,0.000000,0.000000],[1.244309,0.000000,0.000000,0.000000,0.727491,0.000000,0.000000,0.423299,0.000000,0.000000,0.000000],[1.119198,0.000000,0.000000,0.000000,0.186094,0.901235,0.000000,0.173541,0.000000,0.000000,0.000000],[1.280263,0.000000,0.000000,0.000000,0.000244,0.000000,0.000000,0.089639,0.000000,0.000000,0.901235]]
alpha = [1.091334,1.264192,1.127880,0.835489,1.126931,1.094569,1.166046]
runtime = 1.010000
