seed = 2
ll = -182.687332
loss_zeroone = 0.355556
loss_symmetric = 0.301841
fscore = 0.457187
clusters = [[11391,11368,11381,11401,11389,11369,11394,11404,11370,11405,11396,11402,11386,11385,11408,11384,11379,11407,11382,11373],[11365,11406,11372,11371,11388,11366,11391,11393,11376,11392,11369,11385,11378,11395,11377],[11366,11393,11376,11392,11368,11381,11401,11389,11369,11394,11404,11370,11405,11396,11383,11402,11400,11395,11397,11390,11399,11403,11377,11387],[11365,11406,11372,11371,11388,11391,11367,11369,11404,11383,11386,11380,11408,11378,11400,11384,11379,11397,11407,11382,11375,11390,11399]]
theta = [[1.290143,0.000000,0.000000,0.000000,0.537365,0.000000,0.000000,0.013186,0.000000,0.000000,0.000000],[1.167804,0.000000,0.000000,0.000000,0.578098,0.000000,0.000000,0.104027,0.000000,0.000000,0.000000],[1.325094,0.000000,0.000000,0.955556,0.343027,0.000000,0.000000,0.113356,0.000000,0.000000,0.000000],[1.318059,0.000000,0.000000,0.000000,0.057644,0.000000,0.000000,0.310368,0.000000,0.000000,0.955556]]
alpha = [1.079188,0.731190,1.064615,1.063584]
runtime = 0.630000
