seed = 4
ll = -13163.057617
loss_zeroone = 0.054054
loss_symmetric = 0.078697
fscore = 0.903990
clusters = [[11412,11774,11484,11474,11569,11807,11692,11776,11437,11579,11428,11770,11678,11640,11608,11456,11681,11662,11679,11582,11734,11783,11817,11513,11685,11482,11634,11526,11787,11744,11416,11718,11523,11473,11816,11806,11419,11423,11614,11555,11497,11782,11596,11541,11575,11500,11568,11585,11547,11525,11620,11600,11766,11475,11545,11532,11749,11688,11669,11725,11778,11548,11737,11740,11583,11562,11550,11758,11659,11576,11591,11577,11625,11567,11642,11627,11435,11690,11709,11765,11528,11543,11644,11558,11694,11580,11512,11501,11450,11618,11536,11795,11571],[11572,11704,11503,11801,11802,11414,11444,11654,11603,11542,11796,11677,11588,11779,11622,11763,11448,11519,11521,11604,11794,11529,11791,11446,11655,11693,11653,11517,11645,11415,11773,11590,11599,11668,11496,11665,11597,11441,11696,11702,11573,11676,11624,11639,11746,11491,11649,11757,11457,11790,11684,11593,11667,11570,11711,11606,11630,11811,11701,11628,11683,11638,11554,11424,11674,11815,11741,11592,11713,11527,11455,11721,11598,11561,11487,11581,11551,11565,11789,11559,11663,11621,11731,11652,11574,11687,11785,11788,11464,11771,11538,11443,11522,11762,11616,11553,11743,11506,11728,11563,11478,11735,11439,11730,11686,11631,11623,11470,11611,11460,11619,11461,11695,11518,11459,11453,11452,11504,11697,11671,11756,11486,11786]]
theta = [[1.201173,0.115483,-0.021535,0.140687,0.140687,0.000000,-0.010975,-0.010975,0.071329,-0.031840,0.102337,0.087337,-0.014627,-0.014627,0.051897,-0.004909,0.065964,0.065964,-0.024869,-0.024869,-0.113350,-0.113350,-0.112135,-0.112135,-0.099157,-0.099157,0.080579,-0.103930,0.845654,0.000000,0.000000,0.000000,0.205380,-0.178946,-0.098428,0.000000,-0.000371,0.034062,0.153023,0.153023,-0.035213,-0.001609,0.049754,0.116994,-0.066467,-0.066467],[1.066840,0.120949,0.031566,0.147184,0.147184,0.000000,-0.084565,-0.084565,0.030745,0.140436,0.079209,0.096839,-0.014658,-0.014658,-0.118505,-0.019168,0.096297,0.096297,0.973169,-0.025195,-0.120006,-0.120006,-0.118543,-0.118543,-0.184243,-0.184243,0.008587,0.207145,0.281583,0.000000,0.000000,0.000000,0.392856,0.055802,-0.014495,0.000000,0.036245,0.032245,0.113607,0.113607,-0.035740,-0.048925,0.102032,0.194036,-0.067852,-0.067852]]
alpha = [1.353761,1.327597]
runtime = 757.270020
