seed = 3
ll = -26989.074219
loss_zeroone = 0.086918
loss_symmetric = 0.111815
fscore = 0.869451
clusters = [[13063,13312,12895,12832,13319,12926,13138,12819,13001,12892,13209,12811,13206,13097,12990,13325,13224,12945,13105,13141,12989,12952,13190,13022,13123,13237,13135,13060,12919,12956,12866,12873,13020,13023,13189,13321,13235,13000,13221,12950,12876,13057,12917,12918,13050,13285,13282,13192,13018,12958,13187,12992,13038,12937,13019,13099,13027,13327,12871,12922,13094,13043,13298,13296,13037,13144,12979,13111,12870,13024,13096,12912,13270,13185,12830,12831,12925,13213,13129,13165,13045,13119,13265,13067,13041,12812,13204,12955,12987,13277,12821,12883,12852,13162,13212,13091,12865,13223,13334,12845,13124,13029,13271,12957,13062,13229,13196,13294,12846,13205,13166,13025,12890,12813,12963,12998,13114,13250,12893,13158,13317,13268,13188,13181,13014,12882,13316,13349,13338,13332,12914,13088,13002,12995,13125,12980,12885,12978,13315,13006,13176,13183,13131,12839,12817,12985,13254,13130,13253,13222,13193,13035,13279,13197,13016,13149,13322,13148,13168,13078,13257,13202,13171,13219,13167,12833,13180,13059,13275,12916,12855,13326,12910,12835,12868,13311,13299,12991,13160,12943,12850,12921,13330,12940,13152,13346,13154],[12801,12840,12843,13344,12877,13172,13126,12901,13110,13259,12936,13104,13303,12825,13163,13276,12976,13109,13007,12869,13071,12804,13053,12939,12920,12974,13264,12815,13133,12973,12802,13054,13329,12858,12805,12960,13232,13341,13251,13281,12900,13101,13009,12944,13314,13107,13082,13005,12981,13042,12879,13345,13034,13039,13200,13245,13226,13065,13313,13249,12867,13048,12972,12826,12970,13084,13003,12933,13198,13161,13331,12968,12822,12842,13113,13247,13076,13083,13308,13147,12977,12993,13159,12942,12860,13234,13073,13081,13089,13031,13240,12924,12848,13142,12820,13280,12859,12961,12923,13231,13309,12809,13288,12862,12975,13033,13211,13051,13011,12814,12908,13064,12983,13182,13008,13127,12928,12962,13179,13248,13336,13070,13348,13116,12851,13068,13049,12816,13207,13178,12891,13036,13120,13210,12836,13026,12907,13236,12997,12894,12878,12994]]
theta = [[1.265241,0.007117,0.032218,0.112374,0.112374,0.000000,0.136018,0.136018,0.028746,-0.013307,-0.013307,0.130433,0.134120,0.067503,0.000000,0.000000,-0.017468,-0.017468,0.000000,0.000000,0.010734,0.010734,0.102841,0.102841,0.014380,0.000000,0.000000,0.012998,0.014866,0.000000,0.002655,0.000000,0.129514,-0.000747,-0.000747,0.000000,0.000000,0.060958,0.025550,0.025550,0.999517,0.028290,0.028290],[1.209210,-0.008808,0.010824,0.087926,0.087926,0.000000,0.098253,0.098253,0.070026,-0.007704,-0.007704,0.113966,0.130517,0.063211,0.000000,0.000000,-0.013953,-0.013953,0.000000,0.000000,-0.036847,-0.036847,0.074077,0.074077,0.023642,0.000000,0.000000,-0.012184,-0.005024,0.000000,0.000701,0.000000,0.533735,-0.000420,-0.000420,0.000000,0.000000,0.000716,0.018881,0.018881,0.000000,0.008244,0.008244]]
alpha = [1.414132,1.159014]
runtime = 1000.559998
