seed = 3
ll = -1785.690552
loss_zeroone = 0.207627
loss_symmetric = 0.132989
fscore = 0.617244
clusters = [[13418,13356,13436,13434,13457,13421,13372,13386,13464,13384,13378,13462,13377,13376,13430,13365,13408,13419,13391,13429,13463,13460,13468,13413,13416,13427,13371,13362,13437,13433,13445,13424,13385,13393,13451,13442,13465,13374,13470,13392,13455,13367,13411,13461,13375,13389,13373,13466,13396,13364,13380,13459,13407,10022,13446,13414,13448],[13354,13449,13435,13406,13358,13420,13456,13467,13458,13447,13381,13412,13469,13441,13443,13369,13403,13357,13425,13366]]
theta = [[1.396673,-0.042650,-0.003629,0.000000,0.240608,0.240608,0.132372,0.137491,0.137491,0.076877,-0.028569,-0.028569,-0.055744,0.935709,0.000000,0.000000,0.000000,0.094385,0.000000,0.000000,0.006545,0.006545],[1.209512,1.113209,0.039989,0.000000,0.075723,0.075723,0.103796,0.016179,0.016179,0.183666,-0.026941,-0.026941,0.001928,0.001928,0.000000,0.000000,0.000000,0.196096,0.000000,0.000000,0.006018,0.006018]]
alpha = [1.012745,0.989026]
runtime = 5.740000
