seed = 4
ll = -1412.630127
loss_zeroone = 0.430509
loss_symmetric = 0.281050
fscore = 0.343793
clusters = [[13418,13356,13436,13434,13457,13421,13372,13386,13464,13384,13378,13462,13377,13376,13430,13365,13359,13408,13419,13391,13429,13463,13460,13468,13413,13416,13427,13371,13362,13437,13433,13445,13432,13385,13393,13451,13442,13465,13374,13470,13392,13455,13367,13411,13461,13375,13389,13373,13466,13396,13364,13380,13459,10022,13446,13414,13448],[13354,13449,13435,13406,13358,13420,13456,13467,13458,13447,13381,13412,13469,13441,13443,13369,13403,13357,13425,13366,13418,13356,13436,13434,13457,13421,13372,13386,13384,13378,13462,13377,13376,13430,13408,13419,13410,13391,13429,13463,13460,13468,13413,13371,13437,13424,13385,13393,13451,13442,13465,13470,13392,13455,13367,13411,13461,13375,13389,13466,13396,13407,10022,13446,13398,13454,13452,13414,13448,13423],[13354,13449,13435,13406,13358,13420,13456,13467,13458,13447,13381,13412,13469,13441,13443,13369,13403,13357,13425,13366,13418,13434,13421,13372,13386,13384,13378,13377,13376,13430,13365,13359,13419,13410,13391,13429,13463,13460,13468,13413,13416,13427,13371,13362,13445,13424,13385,13470,13392,13455,13411,13461,13389,13373,13466,13396,13364,13380,13459,13407,13446,13452],[13354,13449,13435,13406,13358,13420,13456,13467,13458,13447,13381,13412,13469,13441,13443,13369,13403,13357,13425,13355,13366,13409,13404,13464,13431,13439,13360,13422,13388,13440,13379,13453,13361,13382,13383,13426,13370,13399,13415,13387,13394,13400,13368,13402,13397,13395,13454,13450,13390,13405],[13418,13436,13434,13457,13421,13372,13386,13464,13431,13384,13378,13462,13377,13376,13430,13365,13408,13419,13391,13429,13463,13460,13413,13416,13439,13360,13427,13422,13388,13440,13379,13453,13361,13382,13383,13426,13362,13437,13433,13370,13399,13415,13387,13445,13424,13385,13393,13451,13442,13465,13374,13363,13455,13367,13411,13461,13375,13389,13373,13364,13459,13400,13368,13402,13407,13397,10022,13446,13452,13414,13448,13401]]
theta = [[1.374647,-0.001998,-0.056980,0.000000,0.213162,0.213162,0.124047,0.183171,0.183171,0.073545,0.032473,0.032473,-0.082885,0.900238,0.000000,0.000000,0.000000,0.023215,0.000000,0.000000,-0.001089,-0.001089],[0.927125,0.023020,-0.019256,0.000000,-0.087176,-0.087176,-0.177883,0.027180,0.027180,0.590938,0.022664,0.022664,-0.000029,-0.000029,0.000000,0.000000,0.000000,-0.099706,0.000000,0.000000,-0.009589,-0.009589],[0.860176,0.077318,0.017676,0.000000,-0.049466,-0.049466,0.636379,-0.059567,-0.059567,-0.177559,0.021117,0.021117,-0.007270,-0.007270,0.000000,0.000000,0.000000,0.021004,0.000000,0.000000,-0.000111,-0.000111],[1.248101,0.221365,0.064247,0.991381,0.076901,0.076901,0.117116,-0.039821,-0.039821,0.216792,0.016212,0.016212,0.090493,0.090493,0.000000,0.000000,0.000000,0.272262,0.000000,0.000000,0.001341,0.001341],[1.047391,-0.001042,0.012001,0.000000,-0.044047,-0.044047,0.068594,-0.016710,-0.016710,0.131044,-0.016343,0.966493,-0.011809,-0.011809,0.000000,0.000000,0.000000,0.019444,0.000000,0.000000,-0.000473,-0.000473]]
alpha = [1.177640,0.808406,0.722634,1.156294,1.016466]
runtime = 15.960000
