seed = 0
ll = -2156.944824
loss_zeroone = 0.347458
loss_symmetric = 0.253676
fscore = 0.405797
clusters = [[13418,13436,13434,13457,13421,13372,13386,13464,13384,13378,13462,13377,13376,13430,13365,13408,13419,13391,13429,13463,13460,13468,13413,13416,13427,13371,13362,13437,13433,13445,13385,13393,13451,13442,13465,13470,13392,13455,13367,13411,13461,13375,13389,13373,13466,13396,13364,13459,13407,10022,13446,13414,13448]]
theta = [[0.904493,-0.199663,-0.192785,0.000000,0.143860,0.143860,0.067672,0.192906,0.192906,-0.061331,-0.108905,-0.108905,-0.094538,-0.094538,0.000000,0.000000,0.982044,-0.029790,0.000000,0.000000,0.062960,0.062960]]
alpha = [2.521783]
runtime = 3.090000
