seed = 1
ll = -1459.369141
loss_zeroone = 0.353814
loss_symmetric = 0.217342
fscore = 0.428064
clusters = [[13418,13356,13436,13434,13457,13421,13372,13386,13464,13384,13378,13462,13377,13376,13430,13365,13408,13419,13391,13429,13463,13460,13468,13413,13416,13427,13371,13362,13437,13433,13445,13424,13385,13393,13451,13442,13465,13374,13470,13392,13455,13367,13411,13461,13375,13389,13373,13466,13396,13364,13380,13459,13407,10022,13446,13414,13448],[13354,13449,13435,13406,13358,13420,13456,13467,13458,13447,13381,13412,13469,13441,13443,13369,13403,13357,13425,13355,13366,13409,13404,13418,13434,13421,13372,13386,13384,13378,13462,13377,13376,13430,13359,13408,13419,13410,13391,13429,13463,13460,13468,13413,13427,13432,13385,13393,13451,13442,13465,13392,13455,13411,13461,13375,13389,13373,13466,13407,13446,13452,13414,13448,13405],[13418,13436,13434,13457,13421,13372,13386,13464,13431,13384,13378,13377,13376,13430,13365,13359,13419,13391,13429,13463,13460,13413,13416,13371,13388,13453,13361,13426,13362,13437,13433,13370,13399,13415,13387,13445,13432,13385,13393,13451,13442,13465,13470,13363,13455,13367,13411,13461,13389,13396,13364,13459,13400,13397,10022,13446,13452,13450,13390,13401],[13354,13449,13435,13406,13358,13420,13456,13467,13458,13447,13381,13412,13469,13441,13443,13369,13403,13357,13425,13366,13431,13439,13360,13422,13388,13440,13379,13453,13361,13382,13383,13426,13370,13399,13415,13387,13394,13400,13368,13402,13454]]
theta = [[1.517346,-0.194941,0.006372,0.000000,0.251130,0.251130,0.178601,0.214742,0.214742,0.066732,-0.024848,-0.024848,0.000916,0.000916,0.000000,0.000000,0.000000,0.125065,0.987072,0.000000,-0.000095,-0.000095],[1.073913,0.313079,-0.015341,0.000000,-0.058326,-0.058326,0.028712,0.062117,0.062117,0.144482,-0.018489,-0.018489,0.000042,0.000042,0.000000,0.000000,0.000000,-0.014483,0.987072,0.000000,0.000015,0.000015],[1.073357,0.828037,0.017300,0.000000,-0.008486,-0.008486,0.028558,0.031446,0.031446,0.113520,0.034833,0.034833,0.017174,0.017174,0.000000,0.000000,0.000000,-0.036768,0.000000,0.000000,-0.000021,-0.000021],[1.399258,0.343986,0.032326,0.000000,0.108491,0.108491,0.043667,-0.095853,-0.095853,0.228596,0.050169,0.050169,0.027601,0.027601,0.987072,0.000000,0.000000,0.362548,0.000000,0.000000,-0.000083,-0.000083]]
alpha = [1.070668,0.796720,0.588549,0.955002]
runtime = 12.960000
