seed = 2
ll = -1635.337646
loss_zeroone = 0.290961
loss_symmetric = 0.313245
fscore = 0.425758
clusters = [[13418,13436,13434,13457,13421,13372,13386,13464,13384,13378,13462,13377,13376,13430,13365,13408,13419,13391,13429,13463,13460,13468,13413,13416,13427,13371,13362,13437,13433,13445,13424,13385,13393,13451,13442,13465,13374,13470,13392,13455,13367,13411,13461,13375,13389,13373,13466,13396,13364,13380,13459,13407,10022,13446,13414,13448],[13354,13449,13435,13406,13358,13420,13456,13467,13458,13447,13381,13412,13469,13441,13443,13369,13403,13357,13425,13366,13454],[13418,13356,13436,13434,13457,13421,13372,13386,13464,13384,13378,13462,13377,13376,13430,13359,13408,13419,13410,13391,13429,13463,13460,13468,13413,13416,13427,13362,13437,13445,13432,13385,13393,13451,13442,13465,13470,13455,13367,13411,13461,13375,13389,13397,10022,13446,13452,13414,13448]]
theta = [[1.344705,-0.116633,-0.056325,0.000000,0.278794,0.278794,0.022285,0.034083,0.034083,0.493465,-0.070971,-0.070971,-0.045648,-0.045648,0.000000,0.000000,0.000000,0.055226,0.000000,0.000000,-0.002582,-0.002582],[1.363490,0.370506,0.115545,0.000000,0.116027,0.116027,0.154795,0.003122,0.003122,0.349606,-0.079005,-0.079005,0.009807,0.009807,0.000000,0.000000,0.989945,0.317025,0.000000,0.000000,-0.003862,-0.003862],[0.878920,-0.118090,-0.003086,0.000000,0.185873,0.185873,-0.199119,0.034783,0.034783,-0.097800,-0.072523,-0.072523,-0.046478,-0.046478,0.000000,0.000000,0.000000,-0.097459,0.000000,0.000000,0.977119,-0.002843]]
alpha = [0.682371,0.899068,0.807410]
runtime = 32.748791
