seed = 0
ll = -13421.721680
loss_zeroone = 0.274725
loss_symmetric = 0.362991
fscore = 0.247473
clusters = [[1622,1577,1781,1398,1361,1792,1530,1371,1363,1636,1592,1560,1760,1537,1735,1402,1604,1713,1498,1770,1510,1602,1483,1721,1562,1767,1704,1772,1484,1702,1782,1462,1365,1633,1381,1747,1754,1506,1464,1488,1788,1623,1797,1535,1465,1575,1443,1580,1680,1566,1549,1733,1632,1806,1476,1800,1655,1697,1467,1791,1674,1534,1574,1637,1732,1719,1741,1425,1795,1378,1748,1778,1532,1804,1404,1559,1641,1731,1458,1789,1516,1541,1723,1527,1765,1769,1687,1639,1726,1594,1751,1519,1759,1392,1401,1777,1707,1434,1571,1424,1531,1750,1739,1551,1603,1618,1481,1712,1406,1649,1598,1570,1593,1367,1683,1628,1725,1625,1472,1536,1477,1665,1457,1693,1556,1692,1377,1407,1784,1756,1630,1728,1783,1436,1491,1509],[1624,1360,1445,1781,1448,1398,1361,1656,1792,1734,1466,1363,1636,1592,1389,1504,1760,1537,1735,1402,1604,1713,1581,1602,1483,1721,1767,1772,1484,1650,1379,1782,1410,1462,1365,1633,1506,1488,1623,1535,1575,1443,1580,1680,1566,1705,1632,1476,1800,1655,1697,1467,1369,1500,1674,1534,1574,1637,1660,1528,1383,1732,1741,1795,1378,1785,1532,1804,1404,1493,1559,1440,1645,1731,1670,1789,1565,1516,1541,1723,1527,1399,1687,1639,1726,1594,1751,1401,1749,1691,1434,1571,1531,1384,1570,1631,1605,1793,1568,1548,1768,1652,1474,1567,1648,1647,1675,1722,1459,1579,1657,1533,1716,1794,1664,1784,1708,1508,1455,1414,1595,1438,1583,1714,1599,1694,1463,1685,1761,1601,1764,1473,1430,1403,1550,1543,1690,1620,1429,1653],[1587,1805,1736,1359,1668,1779,1809,1398,1656,1792,1371,1363,1636,1560,1735,1483,1721,1772,1379,1462,1535,1632,1655,1697,1534,1574,1741,1804,1559,1440,1645,1458,1670,1541,1723,1527,1594,1751,1759,1392,1401,1644,1777,1691,1707,1571,1424,1531,1739,1387,1586,1746,1787,1715,1517,1391,1408,1475,1372,1730,1454,1556,1692,1677,1405,1755,1676,1382,1544,1621,1667,1447,1703,1511,1584,1635,1684,1709,1573,1745,1487,1418,1737,1626,1812,1720,1662,1435,1647,1456,1561,1798,1412,1591,1786,1514,1416,1524,1596,1642,1521,1582,1609,1783,1694,1681,1420,1607,1588,1453,1501,1651,1451,1808],[1736,1622,1577,1445,1448,1361,1656,1734,1530,1537,1402,1713,1498,1770,1602,1562,1704,1650,1379,1702,1410,1754,1464,1788,1797,1465,1575,1443,1680,1566,1549,1806,1800,1369,1637,1528,1383,1425,1785,1778,1790,1519,1644,1396,1750,1603,1618,1481,1712,1406,1649,1387,1494,1367,1605,1793,1628,1368,1725,1568,1548,1536,1615,1768,1665,1457,1413,1586,1746,1787,1715,1517,1391,1408,1475,1730,1454,1677,1405,1755,1676,1382,1544,1621,1503,1802,1397,1546,1667,1376,1447,1703,1584,1635,1573,1745,1418,1737,1626,1812,1720,1662,1435,1672,1518,1646,1555,1377,1669,1701,1561,1798,1412,1591,1786,1514,1606,1416,1524,1596,1756,1521,1582,1766,1717,1744,1505,1689,1449,1585,1780,1682,1801,1563,1761,1553,1729]]
theta = [[1.105319,0.000374,0.999792,0.000000,0.042050,0.063590,0.000374,0.000000],[1.017278,0.000360,0.000000,0.000000,0.018357,0.010661,0.000360,0.999792],[1.058907,0.000364,0.000000,0.000000,0.035883,0.006369,1.000359,0.000000],[1.003620,0.000353,0.000000,0.000000,0.004315,-0.021331,0.000353,0.000000]]
alpha = [1.094266,1.045078,1.067492,1.036503]
runtime = 3682.299805
