seed = 3
ll = -18263.566406
loss_zeroone = 0.153846
loss_symmetric = 0.421475
fscore = 0.236220
clusters = [[1398,1361,1792,1371,1363,1636,1592,1560,1537,1735,1402,1713,1602,1483,1721,1772,1782,1462,1365,1506,1488,1623,1535,1575,1443,1680,1566,1632,1476,1800,1655,1697,1467,1534,1574,1637,1732,1741,1378,1532,1804,1404,1559,1440,1731,1458,1516,1541,1723,1527,1687,1639,1726,1594,1751,1759,1392,1401,1777,1707,1571,1531,1556]]
theta = [[1.644336,0.006578,0.999870,0.000000,0.229924,0.222408,0.006578,0.000000]]
alpha = [1.708537]
runtime = 270.279999
