seed = 0
ll = -15392.695312
loss_zeroone = 0.184615
loss_symmetric = 0.281199
fscore = 0.415982
clusters = [[1622,1577,1445,1781,1398,1361,1656,1792,1530,1371,1363,1636,1592,1560,1760,1537,1735,1402,1604,1713,1498,1770,1510,1602,1483,1721,1562,1767,1772,1484,1379,1702,1782,1410,1462,1365,1633,1381,1754,1506,1464,1488,1788,1623,1535,1465,1575,1443,1580,1680,1566,1549,1733,1632,1476,1800,1655,1697,1467,1674,1534,1574,1637,1528,1383,1732,1741,1425,1795,1378,1785,1778,1532,1804,1404,1559,1440,1645,1641,1731,1458,1789,1565,1516,1541,1723,1527,1687,1639,1726,1594,1751,1519,1759,1392,1401,1777,1707,1434,1571,1424,1531,1750,1739,1603,1618,1481,1712,1406,1649,1570,1367,1725,1536,1768,1665,1457,1556,1692,1647,1407,1784,1756,1728,1783],[1805,1736,1656,1379,1644,1387,1586,1746,1787,1715,1517,1391,1408,1475,1372,1730,1454,1677,1405,1755,1676,1382,1544,1621,1667,1447,1703,1511,1584,1635,1684,1709,1573,1745,1487,1418,1737,1626,1812,1720,1662,1435,1561,1798,1412,1591,1786,1514,1416,1524,1596,1521,1582,1607,1501,1729]]
theta = [[1.276244,0.003417,0.999860,0.000000,0.102315,0.110319,0.003417,0.000000],[1.330603,0.003416,0.000000,0.000000,0.112683,0.108703,0.003416,0.999860]]
alpha = [1.291973,1.322950]
runtime = 1199.250000
