seed = 0
ll = -14441.073242
loss_zeroone = 0.198535
loss_symmetric = 0.302116
fscore = 0.362675
clusters = [[1622,1360,1577,1445,1448,1398,1361,1792,1530,1371,1363,1636,1592,1560,1389,1760,1537,1735,1402,1604,1713,1498,1770,1510,1602,1483,1721,1562,1767,1704,1772,1484,1650,1702,1782,1410,1462,1633,1381,1754,1506,1464,1488,1788,1623,1797,1535,1465,1575,1443,1580,1680,1566,1549,1632,1806,1476,1800,1655,1697,1467,1534,1574,1637,1528,1383,1732,1719,1741,1425,1795,1378,1748,1778,1532,1804,1404,1559,1440,1731,1458,1670,1789,1565,1541,1723,1527,1687,1726,1594,1751,1519,1759,1392,1401,1777,1749,1707,1434,1571,1424,1531,1750,1551,1603,1618,1481,1712,1406,1649,1598,1494,1593,1367,1605,1793,1628,1725,1625,1568,1548,1536,1477,1615,1768,1665,1457,1693,1567,1556,1692,1377,1407,1784,1756,1630,1728,1766,1783,1694,1436,1761,1553],[1779,1781,1398,1361,1656,1792,1734,1466,1363,1636,1592,1560,1537,1735,1402,1713,1581,1602,1483,1721,1772,1379,1782,1462,1365,1633,1506,1488,1535,1575,1443,1580,1680,1566,1705,1733,1632,1476,1800,1655,1697,1467,1369,1674,1534,1574,1637,1660,1732,1741,1378,1785,1532,1804,1404,1493,1559,1440,1645,1641,1458,1516,1541,1723,1527,1765,1399,1769,1687,1639,1726,1594,1751,1759,1401,1691,1707,1571,1531,1739,1570,1631,1387,1556,1487,1647,1708,1414,1595,1509],[1805,1736,1779,1656,1379,1644,1570,1387,1586,1746,1787,1715,1517,1391,1408,1475,1372,1730,1454,1677,1405,1755,1676,1382,1544,1621,1667,1447,1703,1511,1584,1635,1684,1709,1573,1745,1487,1418,1737,1626,1812,1720,1662,1435,1456,1561,1798,1412,1591,1786,1514,1416,1524,1596,1642,1521,1582,1609,1681,1420,1607,1588,1453,1501,1729]]
theta = [[1.096807,0.000608,0.999855,0.000000,0.036449,0.057012,0.000608,0.000000],[1.088915,0.000603,0.000000,0.000000,0.043179,0.035908,0.000603,0.999855],[1.172267,0.000611,0.000000,0.000000,0.064254,0.049912,1.000606,0.000000]]
alpha = [1.101800,1.096599,1.143265]
runtime = 6631.084961
