seed = 0
ll = -7916.096191
loss_zeroone = 0.085044
loss_symmetric = 0.150233
fscore = 0.802275
clusters = [[13790,13973,13851,13960,13929,13889,13854,13767,13978,14076,14002,13964,13763,13893,13738,13791,13942,13712,14102,14005,14014,13932,13944,13777,13923,14053,14084,14083,13694,13998,13863,13922,13820,13691,13989,14098,13909,13830,13824,14039,14079,13925,14056,14121,13969,13816,13910,13884,13799,13719,14051,13844,13866,13808,13708,14065,13864,14087,13705,13704,13976,13907,13818,14041,13748,14128,13772,13707,13845,14104,13801,14086,14115,13687,13990,13886,13878,13860,14033,14122,14112,13914,13759,13736,13995,13901,13956,13880,13862,13697,13913,14018,14040,14012],[13810,13871,13849,14052,13882,13946,13895,13974,14034,13874,14094,14042,13773,14119,13979,14050,14127,13857,14008,14048,14016,13970,14022,13891,13963,14111,13947,13819,13959,13900,13961,13958,14081,13988,14071,13957,13994,14017,14060,14114,14093,13950,13999,13949,14108,14047,13992,14069,13928,14101]]
theta = [[1.311380,0.000000,0.028273,0.000000,0.058886,0.105599,0.233882,0.233882,0.046124,0.070922,0.070922,0.082709,0.082709,0.065663,-0.011095,-0.011095,0.039607,0.039607,0.000000,0.999193],[1.317196,0.000000,0.041383,0.000000,-0.002528,0.177141,0.167469,0.167469,0.099029,-0.011256,-0.011256,0.073893,0.073893,0.099428,0.034847,0.034847,-0.006365,-0.006365,0.000000,0.000000]]
alpha = [1.272669,1.267089]
runtime = 295.440002
