seed = 2
ll = -7227.478516
loss_zeroone = 0.171065
loss_symmetric = 0.182120
fscore = 0.633716
clusters = [[13790,13973,13851,13960,13929,13889,13854,13767,13978,14076,14002,13964,13763,13893,13738,13791,13942,13712,14102,14014,13932,13944,13777,13923,14053,14084,14083,13694,13998,13863,13922,13820,13691,13989,14098,13909,13830,13824,14039,14079,13925,14056,14121,13969,13816,13910,13884,13799,13719,14051,13844,13866,13808,13708,14065,13864,14087,13705,13704,13976,13907,13818,14041,13748,14128,13772,13707,13845,14104,13801,14086,14115,13687,13990,13886,13878,13860,14033,14122,14112,13914,13759,13736,13995,13901,13956,13880,13862,13697,14106,13913,14018,14040,14012,13985,14109],[13810,13871,13849,14052,13882,13946,13895,13974,14034,13874,14094,14042,13773,14119,13979,14050,13790,13973,13851,13960,13889,13854,13763,13893,13791,13942,13712,14102,14005,13932,14084,13694,13998,13863,13820,13691,13989,14098,13830,14039,13925,14056,14121,13969,13884,13799,13719,14051,13844,13866,13708,14065,13864,13976,13907,14041,13748,14128,13772,13707,13857,13845,13801,14086,14008,14048,14016,14022,13891,13963,14111,13947,13819,13959,13900,13961,13958,14081,13988,13859,14054,13883,14091,13896,13965,14071,13957,13994,14017,14114,14093,13858,14013,13990,13886,14122,13736,13956,13913,14063,14032,14099,13950,13906,13881,13899,14019,13933,13984,13868,13898,13920,13879,13897,13927,13872,13931,13972,13870,14108,14047,14067,13992,13916,14036,13885,14035,13948,14059,14124,14100,13980,14101,13912,14003],[13846,13892,13926,14023,13996,14057,14058,13856,13987,13810,14090,14113,13861,14072,14117,13871,14052,13882,13946,13895,13974,13921,14034,13874,13850,14094,14042,13773,14119,13979,14050,14127,13857,14000,14097,14048,14016,13970,14022,13891,13963,14111,13947,13819,13959,13900,13961,13958,14081,13988,14073,14071,13957,13994,14017,14060,14114,14093,13954,13687,14010,13865,14096,14126,14038,14029,13941,14092,13890,13997,14025,13934,13888,13999,13949,14108,14047,13992,13744,14069,13982,13903,13894,14055,14015,13928,14101,13747,13782,13709,14080]]
theta = [[1.335750,0.000000,0.017782,0.000000,0.102892,0.190153,0.281727,0.281727,0.057202,0.079815,0.079815,0.043930,0.043930,0.084056,-0.002711,-0.002711,0.018810,0.018810,0.000000,0.998713],[0.985189,0.000000,0.010054,0.000000,-0.015343,0.037883,0.004004,0.004004,0.015274,-0.012516,-0.012516,0.043416,0.043416,0.005500,-0.008366,-0.008366,-0.053567,-0.053567,0.000000,0.998713],[1.147398,0.000000,-0.001201,0.000000,-0.044222,0.128764,0.194935,0.194935,0.058377,0.026293,0.026293,0.036738,0.036738,0.068222,-0.005657,-0.005657,0.006886,0.006886,0.000000,0.998713]]
alpha = [1.345141,1.067078,1.196461]
runtime = 2947.734375
