seed = 2
ll = -9749.762695
loss_zeroone = 0.105572
loss_symmetric = 0.175351
fscore = 0.785714
clusters = [[13790,13973,13851,13960,13929,13889,13854,13978,14076,13763,13893,13791,13942,13712,14102,14014,13932,13944,13923,14053,14084,14083,13694,13998,13863,13820,13691,13989,14098,13909,13830,13824,14039,13925,14056,14121,13969,13816,13884,13799,13719,14051,13844,13866,13708,14065,13864,14087,13976,13907,13818,14041,13748,14128,13772,13707,13845,13801,14086,13990,13886,14122,13759,13736,13956,13697,13913]]
theta = [[1.373132,0.000000,0.136768,0.000000,-0.007344,0.180159,0.327398,0.327398,0.007810,-0.087257,-0.087257,0.291417,0.291417,0.001742,-0.031152,-0.031152,-0.127418,-0.127418,0.000000,0.998721]]
alpha = [1.997532]
runtime = 90.849998
