seed = 2
ll = -6868.568359
loss_zeroone = 0.248534
loss_symmetric = 0.195922
fscore = 0.496758
clusters = [[13790,13973,13851,13960,13929,13889,13854,13767,13978,14076,14002,13964,13763,13893,13738,13791,13942,13712,14102,14005,14014,13932,13944,13777,13923,14053,14084,14083,13694,13998,13863,13922,13820,13691,13989,14098,13909,13830,13824,14039,13925,14056,14121,13969,13816,13910,13884,13799,13719,14051,13844,13866,13808,13708,14065,13864,14087,13705,13976,13907,13818,14041,13748,14128,13772,13707,13845,14104,13801,14086,13819,13859,14054,13883,14091,13896,13965,14115,13687,13783,13990,13886,13860,13914,13759,13736,13956,13880,13697,13913,14040,14032,14099,13950,13906,13881,13899,14019,13933,13868,13879,13897,13927,13872,13931,13972,13870,13744,13689,13811,13980,13747,13696,13746,13782,13709,13908,13962,13769,13825,14001],[13846,13892,13926,14023,14057,14058,13856,13987,13810,14090,14113,13861,14072,14117,13871,14052,13882,13946,13895,13974,13921,14034,13874,13850,14094,14042,13773,14119,13979,14050,13790,13973,14127,13889,13854,13763,13893,13791,13712,14102,14005,13932,14084,13694,13998,13863,13820,13989,14098,13925,14056,13910,13884,13799,13719,14051,13844,13866,13708,14065,13864,13704,13976,13907,14041,13748,13772,13707,13857,14000,14097,13845,13801,14086,14048,14016,14022,13891,13963,14111,13947,13959,13900,13961,13958,14081,13988,14071,13957,13994,14017,14114,14093,13954,13986,14013,13990,13886,13878,13860,14033,14110,14122,14112,13914,13736,13995,13901,13956,13913,14018,14012,13920,14006,13949,14108,14047,14067,13992,14036,13885,14035,13948,14059,13983,13928,14101,13912,14064,14078],[13996,13810,13871,13849,14052,13882,13946,13895,13974,14034,13874,14094,14042,13773,14119,13979,14050,14127,13857,14008,14048,14016,13970,14022,13891,13963,14111,13947,13819,13959,13900,13961,13958,14081,13988,14073,14071,13957,13994,14017,14060,14114,14093,13858,13687,14010,13865,14096,14126,14038,14029,14116,13941,14092,13890,13937,13997,14025,13934,13888,13950,13898,13904,13999,13949,14108,14047,13992,13916,14028,13744,14069,13982,13903,13894,14055,14107,14015,14124,13727,14101,13747,13782,13709,14080],[3671,13847,14085,13968,13945,14068,3679,13915,13952,14062,13930,13848,13852,14077,13790,13973,13851,13960,13929,13889,13854,13767,13978,14076,14002,13964,13763,13893,13738,13791,13942,13712,14102,14014,13932,13944,13777,13923,14053,14084,14083,13694,13998,13922,13820,13691,13989,14098,13909,13830,13824,14039,14079,13925,14056,14121,13969,13816,13853,13710,13884,13799,13719,14051,13844,13808,13708,14065,13864,14087,13705,13756,13704,13976,13907,13818,14041,13748,14128,13772,13707,13845,14104,13801,14086,14013,14115,13687,13990,13886,13878,14033,14122,14112,13759,13736,13995,13901,13956,13880,13862,13697,14106,13913,14063,14018,14040,13869,14095,14066,14082,14012,13984,14120,14118,14007,13875,13833,13985,13887,13734,14100,14109,13838,14044,14049,14088,13955,13755,14011,13722,14003]]
theta = [[1.030153,0.000000,0.046138,0.000000,0.073335,0.096455,0.212598,0.212598,0.005523,0.078868,0.078868,0.031163,0.031163,0.021798,-0.061838,-0.061838,0.008787,0.008787,0.000000,0.997562],[1.048152,0.000000,0.049634,0.000000,0.017243,0.103491,0.030372,0.030372,0.035099,-0.009092,-0.009092,0.013477,0.013477,0.032037,-0.000010,-0.000010,-0.062344,-0.062344,0.000000,0.997562],[1.205912,0.000000,0.053390,0.000000,-0.036083,0.189042,0.331834,0.331834,-0.000707,0.039530,0.039530,0.029422,0.029422,0.034994,-0.007778,-0.007778,0.007951,0.007951,0.000000,0.997562],[1.028879,0.000000,-0.039557,0.997562,0.102828,0.137682,0.269300,0.269300,-0.000574,0.010416,0.010416,0.033733,0.033733,-0.008360,-0.018402,-0.018402,-0.018598,-0.018598,0.000000,0.000000]]
alpha = [1.057047,0.990024,1.181655,1.063565]
runtime = 1032.469971
