seed = 3
ll = -17262.490234
loss_zeroone = 0.120755
loss_symmetric = 0.100133
fscore = 0.714933
clusters = [[15798,15745,15816,15880,15796,16164,16104,16167,15814,16050,16029,15866,16032,15684,15960,16137,16019,16098,15778,15677,15792,15827,16192,16080,16185,15826,15751,16156,15701,16146,15806,15725,15844,16046,16171,15820,15987,15901,16013,15868,16068,16113,15720,16195,15766,15705,15895,16111,15854,16199,15771,16076,16189,15852,15944,15799,15775,15782,15981,15678,15855,15973,15711,15785,15943,15962,16125,15879,15914,15801,15883,16103,15724,15845,15765,15904,15905,16173,16149,15940,15983,15863,15749,15847,16000,16148,15918,15922,15811,15982,15848,16037,15691,15870,15968,15736,16058,16194,15871,15784,16079,15754,16056,16011,15797,16099,15708,16109,15977,16036,15689,15930,15773,15916,15746,15803,15830,16005],[15675,16117,15700,15767,15897,15712,16169,15779,15798,16001,15745,15748,15857,15676,15974,15994,15816,15961,15880,15796,15769,15906,15794,16095,16164,16104,15681,15686,15872,16167,15928,16163,15946,15809,15814,15891,16190,15834,16014,16050,15793,15972,15762,15885,15965,16029,15866,15743,16032,15684,15960,16019,16098,15778,15792,15827,16192,16185,15826,15751,16156,15701,16146,15844,16171,15987,16013,15868,16113,15720,15705,15771,16076,16189,15852,15944,15799,15775,15782,15981,15678,15711,15785,15943,15962,16125,15801,15898,15877,16103,15724,15845,15765,15904,15983,15863,15749,16000,16148,15918,16131,15922,15982,15848,16037,15691,15870,15968,16058,16194,16079,15754,16056,16132,15797,16081,15926,16027,16120,15683,16030,16116,15988,15807,15744,15786,15976,16055,15795,16166,15761,16099,15862,16004,16200,15934,15714,16151,16040,15929,15986,15912,16090,15936,15864,15694,15984,15763,15932,16093,16181,15723,15977,16044,16022,15689,16051,16012,16015,15908,15772,15698,15925,16152,15900,16115,15910,16018,15896,16102,15985,15841,16197,16007,15955,15752,15911,15869,15721,15715],[15673,15777,15836,15913,16060,15812,16144,15804,15738,16066,15808,16010,15758,15920,16147,16175,16177,15687,15894,15741,15776,15822,16016,15979,15917,15730,15919,15995,15735,15825,16126,16052,16091,15732,16048,15935,16035,15959,15903,15697,15703,15832,15802,16127,15791,15712,16167,15901,15865,15907,16196,15843,16180,15998,16083,15716,16155,16141,15787,16101,15833,15708,16143,16139,15941,15997,16168,15851,16063,15747,16097,15893,16112,16105,15709,15875,16119,15858,16043]]
theta = [[1.218660,-0.037964,0.074202,0.016369,0.016369,0.000000,-0.015685,-0.024056,0.057429,0.103474,0.103474,0.058857,-0.119978,-0.124505,-0.031230,-0.031230,0.000000,-0.004815,0.000000,0.118997,-0.024073,-0.024073,0.000716,0.000000,0.000000,0.008436,0.008436,-0.023973,-0.019808,-0.002306,0.996380,0.000000,0.000000,0.110820,0.110820],[0.989202,-0.003512,-0.007968,0.021913,0.021913,0.000000,-0.013951,-0.019850,0.001720,-0.058755,-0.058755,-0.000516,-0.113902,0.880829,-0.022188,-0.022188,0.000000,0.001838,0.000000,0.060720,-0.019999,-0.019999,0.000655,0.000000,0.000000,0.006901,0.006901,-0.021819,-0.016819,-0.001827,-0.001827,0.000000,0.000000,-0.039599,-0.039599],[1.305320,-0.033955,0.114031,0.016742,0.016742,0.000000,-0.016466,-0.023814,0.099065,0.127520,0.127520,0.070795,0.045205,0.040898,0.000589,0.000589,0.000000,-0.004551,0.000000,0.171320,-0.023768,-0.023768,0.000701,0.000000,0.000000,-0.003565,-0.003565,0.975578,0.018507,-0.002265,-0.002265,0.000000,0.000000,0.118330,0.118330]]
alpha = [1.060557,0.861768,1.076780]
runtime = 7280.654785
