seed = 3
ll = -22317.917969
loss_zeroone = 0.088679
loss_symmetric = 0.179704
fscore = 0.775120
clusters = [[15798,15745,15816,15880,15796,16164,16104,16167,15814,16050,16029,15866,16032,15684,15960,16019,16098,15778,15677,15792,15827,16192,16185,15826,15751,16156,15701,16146,15725,15844,16046,16171,15987,16013,15868,16113,15720,15766,15705,15854,15771,16076,16189,15852,15944,15799,15775,15782,15981,15678,15711,15785,15943,15962,16125,15801,16103,15724,15845,15765,15904,15940,15983,15863,15749,16000,16148,15918,15922,15982,15848,16037,15691,15870,15968,16058,16194,16079,15754,16056,15797,16099,15977,15689]]
theta = [[1.520764,-0.012890,0.099641,0.049311,0.049311,0.000000,0.097168,0.022270,0.073970,0.023761,0.023761,0.065518,0.044295,0.035210,-0.003340,-0.003340,0.000000,0.006505,0.000000,0.204621,0.019925,0.019925,0.003055,0.000000,0.000000,0.016609,0.016609,0.029684,-0.011910,-0.000857,0.998783,0.000000,0.000000,0.054835,0.054835]]
alpha = [1.817645]
runtime = 171.919998
