seed = 1
ll = -4010.791016
loss_zeroone = 0.074713
loss_symmetric = 0.100540
fscore = 0.878505
clusters = [[16257,16301,16208,16288,16359,16377,16366,16243,16329,16282,16253,16209,16256,16311,16279,16308,16342,16255,16368,16343,16228,16316,16266,16306,16219,16260,16272,16232,16216,16341,16258,16283,16215,16244,16313,16220,16304,16331,16248,16335,16223,16236,16247,16230,16310,16274,16319,16213,16365,16210]]
theta = [[1.146478,0.087889,0.083510,0.998349,0.018555,0.183792,-0.003174,-0.008111,0.039067,0.039067,0.000000,0.000000,0.217794,0.217794,0.395220,0.285954,0.081596,0.181370,0.421724,0.240849,0.000000]]
alpha = [1.392679]
runtime = 4.270000
