seed = 1
ll = -2201.931885
loss_zeroone = 0.353449
loss_symmetric = 0.364211
fscore = 0.473468
clusters = [[16257,16205,16231,16237,16346,16239,16275,16221,16217,16322,16340,16307,16300,16318,16301,16324,16241,16290,16276,16371,16345,16376,16261,16286,16309,16326,16225,16206,16330,16332,16361,16328,16240,16362,16267,16208,16288,16359,16377,16366,16243,16329,16282,16253,16209,16256,16311,16279,16308,16342,16255,16368,16343,16228,16316,16266,16306,16219,16260,16272,16232,16216,16341,16258,16283,16215,16244,16313,16220,16304,16331,16248,16335,16223,16236,16247,16230,16310,16274,16319,16293,16213,16365,16210,16281,16339,16353,16284,16348,16218,16295,16262,16369,16234,16355,16321,16337,16291,16312,16296,16317,16238,16280,16297,16303,16246,16292,16351],[16205,16231,16346,16239,16275,16221,16217,16322,16340,16307,16300,16318,16301,16324,16212,16241,16290,16276,16371,16261,16286,16309,16326,16225,16330,16332,16361,16328,16357,16240,16207,16362,16273,16211,16245,16277,16327,16354,16289,16281,16339,16353,16284,16348,16224,16334,16295,16373,16355,16321,16337,16336,16325,16317,16227,16344,16226,16358,16242,16251,16347,16360,16254,16259,16364,16338,16270,16297,16303,16333,16298,16315,16323,16349,16370,16351,16375,16285],[16257,16301,16208,16288,16273,16359,16377,16366,16243,16329,16282,16253,16209,16256,16311,16250,16279,16308,16342,16255,16368,16343,16228,16316,16266,16306,16219,16260,16272,16232,16216,16341,16258,16283,16215,16244,16313,16220,16304,16331,16248,16335,16223,16236,16247,16230,16310,16274,16319,16293,16213,16365,16320,16210,16363,16354,16374,16222,16233,16336,16352,16268,16314,16252,16356,16305,16265,16264,16271,16299,16349,16350,16287],[16205,16231,16346,16239,16275,16221,16217,16322,16340,16307,16300,16318,16324,16212,16241,16290,16276,16371,16345,16376,16261,16286,16309,16326,16225,16206,16330,16332,16361,16328,16357,16240,16362,16267,16320,16374,16281,16222,16339,16353,16284,16348,16218,16224,16334,16262,16234,16373,16355,16321,16337,16291,16312,16233,16352,16325,16296,16227,16344,16242,16235,16314,16252,16356,16305,16265,16264,16271,16299,16270,16294]]
theta = [[1.380499,0.159156,0.053753,0.990094,0.004534,0.047092,0.020707,-0.044286,-0.043477,-0.043477,0.000000,0.000000,0.066424,0.066424,0.267248,0.201794,0.064386,0.077484,0.063803,-0.055161,0.000000],[0.777981,-0.017368,0.108530,0.000000,-0.002178,0.068633,-0.061199,0.101014,0.100287,0.100287,0.000000,0.000000,0.002605,0.002605,1.273348,0.058056,0.019371,0.010539,0.168077,0.105134,0.000000],[1.666879,0.057699,-0.043804,0.000000,-0.007281,0.168943,0.413435,-0.151952,0.828059,-0.152553,0.000000,0.000000,0.150308,0.150308,-0.140468,0.037335,0.090825,0.152556,0.563284,0.338744,0.000000],[1.262257,0.080638,0.068031,0.000000,-0.000113,0.052645,0.531995,0.089793,0.089689,0.089689,0.000000,0.000000,0.020179,0.020179,0.018925,-0.033391,0.210943,0.265841,0.473223,0.522345,0.000000]]
alpha = [0.897471,1.070085,1.195721,0.702635]
runtime = 38.209999
