seed = 1
ll = -2830.687256
loss_zeroone = 0.091954
loss_symmetric = 0.117319
fscore = 0.854781
clusters = [[16257,16301,16208,16288,16359,16377,16366,16243,16329,16282,16253,16209,16256,16311,16250,16279,16308,16342,16255,16368,16343,16228,16316,16266,16306,16219,16260,16272,16232,16216,16341,16258,16283,16215,16244,16313,16220,16304,16331,16248,16335,16223,16236,16247,16230,16310,16274,16319,16293,16213,16365,16210],[16205,16231,16346,16239,16275,16221,16217,16322,16340,16307,16300,16318,16301,16324,16212,16241,16290,16276,16371,16345,16376,16261,16286,16309,16326,16225,16206,16330,16332,16361,16328,16357,16240,16362,16267,16281,16339,16353,16284,16348,16218,16262,16234,16373,16355,16321,16337,16291,16312,16296,16344]]
theta = [[1.541786,0.150163,0.043272,0.997028,0.001801,0.170875,0.187696,0.008994,0.038464,0.038464,0.000000,0.000000,0.307985,0.307985,0.138691,0.069597,0.153923,0.314159,0.275460,0.201167,0.000000],[1.391117,-0.043527,0.021294,0.000000,0.001584,-0.001088,0.128430,-0.010246,0.012824,0.012824,0.000000,0.000000,-0.088253,-0.088253,0.941410,-0.049150,0.106374,0.029333,0.419855,0.391898,0.000000]]
alpha = [0.822687,0.828617]
runtime = 5.880000
