seed = 1
ll = -2454.332520
loss_zeroone = 0.293104
loss_symmetric = 0.285222
fscore = 0.622445
clusters = [[16257,16301,16208,16288,16273,16359,16377,16366,16243,16329,16282,16253,16209,16256,16311,16250,16279,16308,16342,16255,16368,16343,16228,16316,16266,16306,16219,16260,16272,16232,16216,16341,16258,16283,16215,16244,16313,16220,16304,16331,16248,16335,16223,16236,16247,16230,16310,16274,16319,16293,16213,16365,16320,16210,16354,16374,16222,16233,16336,16352,16268,16314,16252,16356,16305,16265,16264,16271,16299,16349,16350,16287],[16205,16231,16346,16239,16275,16221,16217,16322,16340,16307,16300,16318,16324,16212,16241,16290,16276,16371,16345,16376,16261,16286,16309,16326,16225,16206,16330,16332,16361,16328,16357,16240,16362,16267,16281,16339,16353,16284,16348,16218,16224,16262,16234,16373,16355,16321,16337,16291,16312,16325,16296,16227,16344,16242,16270],[16257,16205,16231,16237,16346,16239,16275,16221,16217,16322,16340,16307,16300,16318,16301,16324,16241,16290,16276,16371,16345,16376,16261,16286,16309,16326,16225,16206,16330,16332,16361,16328,16240,16362,16208,16288,16211,16359,16377,16366,16243,16329,16282,16253,16209,16256,16311,16279,16308,16342,16255,16368,16343,16228,16316,16266,16306,16219,16260,16272,16232,16216,16341,16258,16283,16215,16244,16313,16220,16304,16331,16248,16335,16223,16236,16247,16230,16310,16274,16319,16245,16293,16277,16327,16213,16365,16210,16363,16289,16281,16339,16353,16284,16348,16334,16295,16369,16355,16321,16337,16291,16312,16317,16280,16297,16303,16333,16298,16323,16351]]
theta = [[1.360666,0.106822,-0.002183,0.996698,0.001562,0.138860,0.155793,-0.013874,-0.015308,-0.015308,0.000000,0.000000,0.197969,0.197969,-0.084386,-0.012077,0.115853,0.223723,0.290595,0.192560,0.000000],[1.355560,0.030768,0.038046,0.000000,0.001782,0.038737,0.092029,0.052560,0.051487,0.051487,0.000000,0.000000,0.032447,0.032447,1.027917,0.022384,0.116998,0.093964,0.422106,0.435964,0.000000],[1.149227,0.040888,0.002297,0.000000,-0.000008,0.031105,0.092753,-0.059793,0.932979,-0.060448,0.000000,0.000000,0.070356,0.070356,0.107824,0.049499,0.042558,0.046594,-0.087295,-0.161008,0.000000]]
alpha = [1.070828,1.140916,0.872649]
runtime = 47.485100
