seed = 0
ll = -2133.050781
loss_zeroone = 0.362069
loss_symmetric = 0.357511
fscore = 0.474759
clusters = [[16257,16231,16239,16275,16221,16217,16322,16340,16307,16300,16318,16301,16324,16212,16241,16290,16276,16371,16345,16376,16261,16286,16309,16326,16225,16206,16332,16361,16328,16240,16362,16208,16288,16211,16359,16377,16366,16243,16329,16282,16253,16209,16256,16311,16279,16308,16342,16255,16368,16343,16228,16316,16266,16306,16219,16260,16272,16232,16216,16341,16258,16283,16215,16244,16313,16220,16304,16331,16248,16335,16223,16236,16247,16230,16310,16274,16319,16245,16293,16277,16327,16213,16365,16210,16363,16354,16289,16281,16339,16353,16284,16348,16262,16234,16355,16321,16337,16291,16297,16303,16333,16298,16246,16292,16323,16351],[16204,16257,16205,16231,16237,16346,16239,16275,16221,16217,16322,16340,16300,16318,16301,16324,16212,16241,16276,16371,16345,16261,16286,16309,16326,16225,16330,16361,16328,16357,16240,16362,16267,16208,16288,16273,16359,16377,16366,16243,16329,16282,16253,16256,16311,16250,16279,16308,16342,16255,16368,16343,16228,16316,16266,16306,16219,16260,16272,16232,16216,16341,16258,16283,16215,16244,16313,16220,16304,16331,16248,16335,16223,16236,16230,16310,16274,16213,16365,16320,16210,16363,16281,16339,16353,16284,16218,16224,16334,16295,16373,16355,16321,16312,16296,16317,16344,16226,16358,16242,16235,16251,16347,16360,16254,16259,16364,16338,16246,16292,16287,16375,16285,16294],[16205,16231,16346,16239,16275,16221,16217,16322,16340,16307,16300,16301,16324,16241,16290,16276,16371,16376,16261,16286,16309,16326,16225,16206,16330,16332,16361,16328,16357,16240,16362,16267,16319,16245,16277,16327,16374,16281,16222,16353,16284,16348,16218,16295,16262,16234,16373,16355,16337,16291,16312,16336,16325,16296,16317,16227,16344,16314,16305,16265,16251,16347,16360,16254,16259,16364,16338,16270,16297,16303,16333,16298,16315,16323,16349,16370,16351,16287,16375],[16257,16301,16208,16288,16273,16359,16377,16366,16243,16329,16282,16253,16209,16256,16311,16250,16279,16308,16342,16255,16368,16343,16228,16316,16266,16306,16219,16260,16272,16232,16216,16341,16258,16283,16215,16244,16313,16220,16304,16331,16248,16335,16223,16236,16247,16230,16310,16274,16319,16293,16213,16365,16320,16210,16374,16222,16369,16233,16336,16352,16268,16280,16314,16252,16356,16305,16265,16264,16271,16299,16350],[16205,16231,16237,16346,16239,16275,16221,16217,16322,16340,16307,16300,16318,16324,16212,16241,16290,16276,16371,16345,16376,16261,16286,16309,16326,16225,16206,16330,16332,16361,16328,16357,16240,16207,16362,16267,16273,16211,16320,16354,16374,16281,16222,16339,16353,16284,16348,16218,16224,16334,16262,16234,16373,16355,16321,16337,16291,16312,16233,16336,16352,16325,16296,16227,16344,16242,16235,16268,16238,16252,16356,16305,16265,16264,16271,16299,16270,16349,16350,16294]]
theta = [[1.176749,0.085219,0.001732,0.000000,0.000267,-0.006742,0.046992,0.043446,0.035847,0.035847,0.000000,0.000000,0.056206,0.056206,0.078378,0.980730,-0.028729,0.023384,-0.066294,-0.130350,0.000000],[0.962042,-0.008012,-0.006863,0.000000,-0.000012,-0.061611,0.022771,-0.009396,-0.015467,-0.015467,0.000000,0.000000,-0.024705,-0.024705,-0.070941,0.789718,0.029698,-0.010462,0.132185,0.119105,0.000000],[0.873179,-0.040507,0.066210,0.000000,0.000162,-0.033683,-0.066063,-0.066071,-0.058893,-0.058893,0.000000,0.000000,-0.025713,-0.025713,1.078667,-0.132694,-0.023833,0.002060,0.145447,0.170277,0.000000],[1.505453,0.104767,-0.025765,0.000000,-0.000025,0.154949,0.132123,0.048817,0.058100,0.058100,0.000000,0.000000,0.157990,0.157990,0.045086,0.202908,0.108617,0.178780,1.140379,0.118557,0.000000],[1.308377,0.000685,0.050851,0.000000,0.000744,0.080750,0.164461,-0.053203,-0.045776,0.939724,0.000000,0.000000,-0.008706,-0.008706,-0.036638,-0.052786,0.231786,0.171194,0.394055,0.351992,0.000000]]
alpha = [0.875317,0.702067,0.969887,1.197533,0.956337]
runtime = 39.430000
