seed = 4
ll = -3288.696533
loss_zeroone = 0.324715
loss_symmetric = 0.314267
fscore = 0.238868
clusters = [[16381,16637,16623,16636,16568,16452,16459,16443,16410,16629,16585,16562,16553,16528,16543,16385,16538,16425,16396,16504,16458,16471,16403,16413,16593,16536,16537,16442,16598,16566,16549,16478,16635,16493,16386,16439,16411,16390,16611,16586,16487,16576,16389,16494,16392,16394,16616,16600,16404,16429,16456,16607,16527,16589,16476,16618,16402,16641,16603,16488,16473,16510,16507,16595,16450,16472,16626,16601,16599,16401,16558,16612,16416,16430,16491,16434,16535,16496,16463,16444,16621,16614,16564],[16380,16532,16608,16445,16592,16533,16391,16623,16636,16568,16452,16410,16460,16543,16385,16451,16556,16538,16396,16458,16471,16403,16413,16593,16536,16537,16442,16598,16549,16635,16493,16439,16390,16387,16388,16526,16590,16389,16494,16392,16542,16624,16483,16394,16616,16600,16404,16429,16456,16607,16527,16589,16476,16618,16402,16641,16603,16488,16473,16393,16450,16626,16601,16599,16448,16398,16408,16400,16466,16519,16423,16547,16509,16540,16530,16418,16544,16581,16414,16424,16508,16447,16522,16431,16574,16539,16500,16594,16541,16475,16486,16523,16565,16563],[16380,16532,16608,16445,16592,16533,16381,16391,16637,16636,16452,16459,16443,16410,16629,16585,16562,16553,16528,16460,16384,16422,16385,16479,16555,16451,16556,16425,16504,16478,16411,16526,16624,16483,16506,16472,16397,16489,16615,16455,16548,16470,16469,16513,16546,16622,16605,16561,16511,16515,16639,16421,16502,16407,16437,16406,16477,16399,16408,16400,16466,16612,16519,16547,16582,16638,16569,16512,16604,16446,16509,16505,16610,16492,16467,16424,16508,16577,16514,16501,16584,16447,16627,16432,16427,16457,16596,16578,16574,16628,16521,16565],[16379,16436,16480,16580,16485,16525,16583,16405,16391,16637,16623,16636,16568,16452,16459,16443,16629,16562,16553,16528,16460,16383,16415,16543,16451,16556,16538,16396,16504,16471,16403,16413,16593,16537,16549,16635,16439,16411,16390,16517,16494,16392,16616,16429,16456,16527,16476,16618,16595,16450,16626,16601,16395,16420,16484,16426,16481,16524,16554,16466,16516,16612,16409,16461,16433,16440,16482,16545,16492,16602,16560,16550,16490,16620,16419,16559,16632,16428,16499,16619,16630,16503,16613,16587,16633,16457,16438,16529,16617,16435,16631,16449,16588,16531,16557,16551,16628,16534,16486,16552,16579],[16379,16436,16480,16580,16485,16525,16583,16405,16592,16636,16415,16479,16555,16538,16471,16386,16517,16387,16388,16611,16586,16487,16576,16590,16542,16483,16600,16507,16393,16397,16489,16615,16448,16548,16470,16469,16513,16546,16622,16605,16561,16398,16511,16515,16639,16421,16502,16407,16437,16420,16484,16426,16481,16554,16464,16406,16477,16399,16558,16516,16582,16638,16569,16512,16604,16446,16509,16540,16545,16462,16430,16530,16418,16505,16610,16412,16544,16581,16414,16467,16602,16560,16491,16550,16490,16620,16419,16559,16501,16632,16428,16535,16496,16619,16630,16503,16613,16587,16633,16441,16606,16474,16571,16640,16625,16453,16435,16631,16449,16520,16539,16500,16463,16594,16444,16534,16572,16573,16597]]
theta = [[1.297393,-0.195085,0.935035,0.000000,0.029920,0.029920,0.134624,0.000000,0.000000,0.000000,0.175168,0.029221,0.022309,0.000000,0.060523,0.060523],[1.102374,-0.063747,0.034876,0.000000,0.039290,0.039290,0.104623,0.000000,0.000000,0.000000,0.069469,0.029577,0.023899,0.000000,0.816166,-0.176909],[1.169933,0.058354,0.062590,0.000000,0.024714,1.024699,0.071561,0.000000,0.000000,0.000000,0.153293,-0.027628,-0.024321,0.000000,0.158451,0.158451],[1.065090,-0.253979,0.076470,0.000000,-0.022955,0.970120,0.034338,0.000000,0.000000,0.000000,0.064940,-0.007795,-0.011173,0.000000,-0.124742,-0.124742],[1.159857,-0.078416,-0.033751,0.000000,0.060985,0.060985,0.098598,0.000000,0.000000,0.996524,0.087036,0.011327,0.004829,0.000000,0.037422,0.037422]]
alpha = [1.044357,0.781745,0.999221,0.993733,0.971238]
runtime = 337.470001
