seed = 1
ll = -5061.024902
loss_zeroone = 0.186312
loss_symmetric = 0.323779
fscore = 0.504854
clusters = [[16623,16636,16568,16452,16410,16543,16385,16538,16396,16458,16471,16403,16413,16593,16537,16442,16598,16549,16635,16493,16439,16411,16390,16389,16494,16392,16394,16616,16600,16404,16429,16456,16607,16527,16476,16618,16402,16603,16488,16473,16450,16626,16601,16599]]
theta = [[1.480147,-0.590251,0.158686,0.000000,0.342206,0.342206,0.177918,0.000000,0.000000,0.000000,0.120568,0.129998,0.097604,0.000000,-0.007996,-0.007996]]
alpha = [1.999247]
runtime = 27.830000
