seed = 4
ll = -3943.317139
loss_zeroone = 0.285171
loss_symmetric = 0.274535
fscore = 0.328076
clusters = [[16379,16436,16480,16580,16485,16525,16583,16405,16637,16623,16636,16568,16452,16443,16410,16528,16415,16543,16385,16451,16538,16425,16396,16504,16458,16471,16403,16413,16593,16536,16537,16442,16598,16566,16549,16635,16493,16439,16411,16390,16517,16389,16494,16392,16394,16616,16600,16404,16429,16456,16607,16527,16476,16618,16402,16641,16603,16488,16473,16510,16450,16626,16601,16599,16420,16484,16426,16481,16554,16516,16612,16545,16492,16602,16560,16550,16490,16620,16419,16559,16428,16434,16499,16503,16613,16587,16633,16435,16631,16449],[16381,16391,16623,16636,16568,16452,16459,16410,16629,16585,16562,16553,16460,16543,16385,16556,16538,16396,16504,16458,16471,16403,16413,16593,16537,16442,16598,16549,16478,16635,16493,16386,16439,16411,16390,16611,16586,16487,16576,16389,16494,16392,16394,16616,16600,16404,16429,16456,16607,16527,16589,16476,16618,16402,16603,16488,16473,16507,16595,16393,16450,16626,16601,16599,16448,16401,16398,16558,16416,16430,16530,16418,16544,16581,16414,16491,16632,16447,16627,16535,16496,16619,16630,16628,16539,16500,16463,16594,16444,16534,16475,16486,16621,16614],[16380,16532,16608,16445,16592,16533,16381,16391,16637,16636,16452,16459,16443,16410,16629,16585,16562,16553,16528,16460,16384,16422,16479,16555,16556,16504,16471,16478,16387,16388,16526,16590,16542,16624,16483,16472,16397,16489,16615,16548,16470,16469,16513,16546,16622,16605,16561,16511,16515,16639,16421,16502,16407,16437,16406,16477,16399,16408,16400,16466,16612,16519,16547,16582,16638,16569,16512,16604,16446,16509,16540,16505,16610,16412,16467,16424,16508,16514,16501,16427,16596,16574,16565]]
theta = [[1.303169,-0.331358,0.938844,0.000000,-0.064567,-0.064567,0.138593,0.000000,0.000000,0.000000,0.114413,-0.020508,-0.019973,0.000000,-0.093935,-0.093935],[1.013100,-0.228649,0.011050,0.000000,0.038014,0.038014,0.016307,0.000000,0.000000,0.000000,0.029992,0.038013,0.038131,0.000000,0.748418,-0.245813],[1.247362,-0.043568,-0.007991,0.000000,0.032874,1.031963,0.066795,0.000000,0.000000,0.000000,0.184787,-0.044454,-0.043716,0.000000,0.115481,0.115481]]
alpha = [1.382626,1.105888,1.385040]
runtime = 1108.568481
