seed = 3
ll = -3519.199951
loss_zeroone = 0.311787
loss_symmetric = 0.215297
fscore = 0.318140
clusters = [[16381,16391,16637,16623,16636,16568,16452,16459,16443,16410,16629,16585,16562,16553,16528,16460,16543,16385,16451,16556,16538,16396,16504,16458,16471,16403,16413,16593,16536,16537,16442,16598,16549,16478,16635,16493,16439,16411,16390,16389,16494,16392,16394,16616,16600,16404,16429,16456,16607,16527,16589,16476,16618,16402,16641,16603,16488,16473,16510,16507,16595,16393,16450,16472,16626,16601,16599,16448,16558,16612,16416,16492,16544,16581,16414,16628,16539,16500,16463,16594,16614],[16379,16436,16580,16525,16583,16405,16380,16532,16608,16445,16592,16533,16636,16452,16410,16422,16385,16479,16555,16538,16425,16396,16458,16471,16403,16413,16593,16537,16566,16635,16439,16411,16390,16387,16526,16590,16389,16392,16542,16624,16483,16616,16600,16527,16589,16476,16603,16488,16450,16397,16489,16615,16455,16548,16470,16469,16513,16546,16622,16605,16561,16511,16515,16639,16421,16502,16407,16437,16484,16426,16481,16554,16406,16477,16399,16408,16400,16466,16519,16423,16547,16582,16638,16569,16512,16604,16446,16509,16540,16545,16505,16610,16412,16467,16424,16508,16514,16602,16560,16559,16501,16522,16432,16427,16633,16571,16640,16625,16453,16596,16438,16529,16617,16631,16449,16520,16574,16444,16541,16572,16486,16621,16565,16563,16573,16564],[16623,16636,16568,16384,16422,16543,16479,16555,16538,16425,16471,16403,16413,16442,16598,16549,16635,16493,16439,16390,16494,16394,16616,16404,16429,16456,16607,16527,16476,16618,16402,16473,16595,16450,16626,16601,16397,16489,16615,16599,16401,16548,16470,16469,16513,16546,16622,16605,16561,16398,16511,16515,16639,16421,16502,16407,16437,16464,16406,16477,16399,16409,16461,16433,16440,16482,16582,16638,16569,16512,16604,16446,16430,16530,16418,16577,16491,16501,16584,16627,16535,16496,16427,16441,16606,16474,16578,16588,16531,16557,16521,16475,16523],[16379,16436,16480,16580,16485,16525,16583,16405,16380,16532,16608,16445,16592,16533,16381,16391,16637,16623,16636,16452,16459,16443,16410,16629,16585,16562,16553,16528,16460,16383,16415,16556,16425,16504,16478,16386,16517,16387,16388,16526,16611,16586,16487,16576,16590,16542,16624,16483,16506,16395,16398,16420,16484,16426,16481,16524,16554,16408,16400,16466,16516,16519,16547,16509,16540,16545,16462,16430,16424,16508,16602,16560,16491,16550,16490,16620,16419,16559,16632,16428,16447,16434,16535,16499,16496,16619,16630,16503,16613,16587,16633,16457,16435,16631,16449,16574,16551,16534,16597]]
theta = [[1.496736,-0.514636,0.107193,0.000000,0.053247,0.053247,0.129889,0.000000,0.000000,0.000000,0.239265,0.080306,0.074241,0.000000,0.742426,-0.244577],[1.075607,0.075416,0.048280,0.000000,-0.338651,-0.338651,-0.043947,0.000000,0.000000,0.000000,0.085477,-0.008308,-0.013901,0.993482,0.055941,0.055941],[1.085349,-0.283674,0.160765,0.000000,0.054453,1.054438,0.019978,0.000000,0.000000,0.000000,0.123625,-0.086730,-0.092685,0.000000,0.024997,0.024997],[1.265561,-0.340746,0.034988,0.000000,0.069597,0.069597,0.145418,0.000000,0.000000,0.000000,0.457034,-0.050982,-0.050100,0.000000,0.000440,0.000440]]
alpha = [1.272923,1.045618,1.136871,0.915186]
runtime = 382.720001
