seed = 2
ll = -4447.638672
loss_zeroone = 0.197719
loss_symmetric = 0.298491
fscore = 0.326165
clusters = [[16623,16636,16568,16452,16410,16543,16385,16538,16396,16504,16458,16471,16403,16413,16593,16536,16537,16442,16598,16549,16635,16493,16439,16411,16390,16389,16494,16392,16394,16616,16600,16404,16429,16456,16607,16527,16589,16476,16618,16402,16641,16603,16488,16473,16595,16450,16626,16601,16599],[16381,16391,16637,16623,16636,16452,16459,16443,16410,16629,16585,16562,16553,16528,16460,16385,16555,16451,16556,16538,16425,16504,16471,16403,16537,16478,16411,16616,16472,16397,16489,16615,16470,16469,16513,16546,16622,16561,16515,16639,16421,16502,16407,16437,16406,16477,16399,16466,16612,16582,16638,16569,16604,16446,16492,16501,16628]]
theta = [[1.372940,-0.452310,0.085916,0.000000,0.138749,0.138749,0.158979,0.000000,0.000000,0.000000,0.459294,0.082006,0.072505,0.000000,0.084723,0.084723],[1.139335,-0.368060,0.067376,0.000000,0.139644,0.139644,-0.014743,0.000000,0.000000,0.000000,0.036370,-0.001197,-0.008854,0.996958,0.060488,0.060488]]
alpha = [1.334941,1.354848]
runtime = 112.239998
