seed = 1
ll = -2965.437500
loss_zeroone = 0.208517
loss_symmetric = 0.140979
fscore = 0.595834
clusters = [[16645,16867,16682,16861,16714,16692,16826,16796,16730,16846,16767,16660,16652,16793,16719,16754,16705,16653,16859,16723,16806,16792,16691,16713,16658,16683,16654,16811,16800,16725,16786,16824,16745,16788,16865,16661,16681,16747,16843,16665,16789,16687,16700,16798,16742,16852,16849,16746,16760,16776,16790,16813,16780,16707,16716,16712,16675,16818,16695,16819,16785,16857,16708,16854],[16643,16838,16666,16768,16842,16823,16644,16743,16667,16659,16673,16651,16797,16847,16727,16724,16720,16680,16650,16662,16731,16701,16685,16756,16828,16769,16757,16713,16698,16800,16786,16824,16745,16788,16865,16771,16759,16764,16835,16715,16739,16832,16665,16687,16700,16798,16742,16852,16737,16817,16814,16748,16741,16704,16697,16851,16674,16820,16746,16760,16776,16790,16813,16780,16816,16729,16679,16744,16758,16802,16827,16707,16712,16675,16818,16695,16690,16785,16794,16717,16834,16837,16850,16732,16735,16708,16812,16808,16856,16854,16825],[16646,16740,16651,16784,16728,16721,16669,16840,16763,16668,16766,16797,16847,16656,16647,16724,16782,16688,16733,16699,16720,16860,16791,16680,16809,16671,16864,16836,16662,16787,16778,16731,16689,16702,16718,16810,16701,16738,16755,16769,16829,16765,16709,16822,16715,16737,16817,16814,16748,16741,16704,16663,16717,16850,16732,16734,16812,16808,16856,16848]]
theta = [[1.560582,-0.031761,0.021130,-0.003770,-0.003770,0.000000,0.000000,0.029463,0.000000,0.085760,0.000000,0.000000,-0.004126,-0.004126,0.037003,0.000000,0.996114,0.073229,0.083064,0.000000,0.000000,0.019649,0.019649],[1.025604,-0.013664,-0.011408,0.036585,0.036585,0.000000,0.000000,-0.000706,0.000000,0.060383,0.000000,0.000000,0.009638,0.009638,-0.030658,0.000000,0.000000,0.127610,0.089062,0.000000,0.000000,0.017909,0.017909],[1.323326,-0.025433,-0.048388,0.096136,0.096136,0.000000,0.000000,0.000005,0.000000,0.693557,0.000000,0.000000,0.008831,0.008831,-0.027607,0.000000,0.000000,0.331882,0.249200,0.000000,0.000000,0.016644,0.016644]]
alpha = [1.382745,1.070342,1.114042]
runtime = 336.873901
