seed = 2
ll = -4480.225586
loss_zeroone = 0.048458
loss_symmetric = 0.141026
fscore = 0.835821
clusters = [[16691,16713,16800,16786,16824,16745,16788,16865,16665,16687,16700,16798,16742,16852,16746,16760,16776,16790,16813,16780,16707,16712,16675,16818,16695,16785,16708,16854]]
theta = [[1.653546,0.044186,-0.008354,0.055894,0.055894,0.000000,0.000000,0.004269,0.000000,0.244900,0.000000,0.000000,0.018279,0.018279,0.000182,0.000000,0.000000,0.141710,0.112911,0.999145,0.000000,0.048719,0.048719]]
alpha = [1.740639]
runtime = 14.890000
