seed = 3
ll = -2303.442139
loss_zeroone = 0.238987
loss_symmetric = 0.164687
fscore = 0.580097
clusters = [[16644,16743,16667,16659,16673,16645,16867,16682,16861,16714,16692,16826,16796,16730,16846,16767,16660,16652,16793,16719,16754,16646,16705,16740,16784,16728,16721,16669,16840,16763,16668,16766,16656,16774,16831,16648,16749,16677,16858,16702,16653,16859,16723,16806,16792,16757,16691,16713,16698,16658,16683,16654,16811,16800,16725,16786,16824,16745,16788,16865,16829,16759,16764,16835,16765,16709,16822,16661,16681,16747,16843,16739,16832,16665,16789,16687,16700,16798,16742,16852,16851,16849,16674,16820,16746,16760,16776,16790,16813,16780,16707,16716,16712,16675,16818,16695,16819,16785,16857,16708,16854,16773,16830,16825],[16646,16740,16651,16784,16728,16721,16669,16840,16763,16668,16766,16797,16847,16656,16647,16724,16782,16688,16733,16699,16720,16860,16791,16680,16650,16809,16671,16864,16836,16662,16787,16778,16731,16689,16702,16718,16810,16701,16685,16738,16755,16769,16829,16765,16709,16822,16715,16737,16817,16814,16748,16741,16704,16663,16710,16694,16686,16862,16794,16717,16850,16732,16734,16812,16808,16856,16848,16845],[16645,16867,16682,16861,16714,16692,16826,16796,16730,16846,16767,16660,16652,16793,16719,16754,16705,16651,16797,16847,16727,16724,16720,16680,16650,16662,16787,16731,16701,16756,16653,16859,16723,16806,16828,16792,16769,16658,16683,16811,16715,16681,16747,16821,16843,16737,16817,16814,16748,16741,16704,16663,16679,16744,16758,16802,16827,16717,16834,16837,16850,16857,16732,16734,16853,16726,16735,16770,16812,16808,16856,16807,16795,16751,16841,16863],[16643,16838,16666,16768,16842,16823,16651,16797,16847,16647,16727,16724,16782,16688,16733,16699,16720,16860,16791,16680,16809,16671,16864,16836,16778,16689,16718,16756,16738,16755,16828,16691,16713,16654,16800,16655,16725,16786,16824,16745,16788,16865,16657,16771,16779,16750,16762,16815,11325,16711,16736,16665,16789,16687,16700,16798,16742,16852,16697,16849,16670,16746,16760,16776,16790,16813,16780,16816,16729,16679,16744,16758,16802,16827,16707,16716,16712,16675,16818,16695,16684,16819,16690,16785,16834,16837,16708,16706,16799,16703,16848,16854]]
theta = [[1.489160,-0.033678,0.034197,0.015177,0.015177,0.995919,0.000000,0.034411,0.000000,0.094579,0.000000,0.000000,-0.011700,-0.011700,0.032157,0.000000,0.000000,0.174619,0.145836,0.000000,0.000000,0.005680,0.005680],[1.395213,-0.032502,-0.006484,0.212745,0.212745,0.995919,0.000000,-0.032862,0.000000,0.220893,0.000000,0.000000,0.021544,0.021544,-0.015218,0.000000,0.000000,-0.093133,-0.070753,0.000000,0.000000,0.004274,0.004274],[1.425808,-0.031335,0.084019,0.111716,0.111716,0.000000,0.000000,-0.021033,0.000000,0.045404,0.000000,0.000000,-0.000008,-0.000008,0.037324,0.000000,0.000000,0.947543,-0.031770,0.000000,0.000000,0.005329,0.005329],[1.346769,0.020907,-0.013303,0.008862,0.008862,0.000000,0.000000,0.045180,0.000000,0.215346,0.000000,0.000000,0.021026,0.021026,-0.014803,0.000000,0.000000,0.218354,0.176140,0.000000,0.995919,0.005274,0.005274]]
alpha = [1.140956,1.105081,1.058503,1.069887]
runtime = 78.529999
