seed = 0
ll = -1135.542480
loss_zeroone = 0.098485
loss_symmetric = 0.140045
fscore = 0.787946
clusters = [[16870,16978,16925,16943,16911,16967,16938,16915,16968,16877,16984,16930,16872,16999,17001,16895,16992,16873,16981,16874,16876,16918,16936,16952,16887,16958,16924,16883,16953,16962],[16948,16896,16885,16963,16996,16955,16970,16987,16912,16941,16886,16892,16902,16905,16908,16951,16894,16956,16891,16922,16986,16944,16989,16980,16898,16973]]
theta = [[1.454991,-0.143671,0.116409,0.081720,0.081720,0.000000,-0.118888,-0.118888,0.177243,0.054974,0.054974,0.000000,0.000000,0.026243,0.026243,0.008482,-0.070747,-0.070747,0.000000,0.000000,0.143796,-0.009181,-0.009181,-0.000091,-0.000091,-0.020903,-0.020903,0.000000,0.027942,0.000000,0.090712,0.000000,0.000000,0.007335,-0.051218,0.003660,0.003660,0.055815,0.055815,-0.086971,-0.086971,0.000000,0.000000,0.000000,0.000000,-0.086971,0.899313,0.000000,0.000000,0.000000,0.000000,0.078915,0.078915,0.000000,0.057699,0.057699],[1.221600,-0.089197,-0.003057,0.058793,0.058793,0.000000,-0.146686,-0.146686,0.067096,0.040660,0.040660,0.000000,0.000000,-0.020239,-0.020239,-0.005994,-0.097389,-0.097389,0.000000,0.000000,0.133109,0.057699,0.057699,0.021064,0.021064,-0.020955,-0.020955,0.000000,-0.012130,0.000000,0.187462,0.000000,0.000000,0.007158,0.059026,0.106049,0.106049,0.051484,0.051484,0.026409,0.026409,0.000000,0.000000,0.000000,0.000000,0.026409,0.026409,0.000000,0.000000,0.993112,0.000000,-0.082212,-0.082212,0.000000,0.175961,0.175961]]
alpha = [1.290001,1.250465]
runtime = 7.870000
