seed = 3
ll = -1404.421997
loss_zeroone = 0.083333
loss_symmetric = 0.153483
fscore = 0.775510
clusters = [[16870,16978,16925,16943,16911,16967,16938,16915,16968,16877,16984,16930,16999,17001,16895,16992,16981,16874,16876,16952,16887,16924,16953]]
theta = [[1.631757,-0.224588,-0.034001,0.672653,-0.311449,0.000000,-0.217512,-0.217512,0.119050,-0.066001,-0.066001,0.000000,0.000000,0.004169,0.004169,0.004792,-0.079188,-0.079188,0.000000,0.000000,0.067649,0.026668,0.026668,-0.059526,-0.059526,-0.150041,-0.150041,0.000000,0.000092,0.000000,0.094974,0.000000,0.000000,0.043771,-0.093909,-0.062355,-0.062355,-0.009959,-0.009959,-0.141387,-0.141387,0.000000,0.000000,0.000000,0.000000,-0.141387,-0.141387,0.000000,0.000000,0.000000,0.000000,-0.015787,-0.015787,0.000000,0.115946,0.115946]]
alpha = [1.892677]
runtime = 3.490000
