seed = 1
ll = -817.573181
loss_zeroone = 0.291667
loss_symmetric = 0.294336
fscore = 0.455583
clusters = [[16870,16978,16925,16943,16911,16967,16938,16915,16968,16877,16984,16872,17001,16895,16992,16873,16981,16876,16918,16952,16887,16958,16974,16883,16953,16962,16882,16966,16995,16985,16888,16937,16889,16900,16894,16956,16944,16989,16980,16898,16933,16906,16928,16973,16960,16916,16920,16910,16929,16977],[16872,16999,16897,16926,16971,16997,16896,16885,16963,16996,16955,16970,16987,16912,16941,16886,16892,16902,16905,16908,16951,16894,16956,16891,16922,16986,16979,16993,16909,16903,16944,16989,16980,16976,16898,16991,16946,16961,16972,16919,16931,16934,16973,16901,16990],[16870,16978,16925,16943,16911,16967,16938,16915,16877,16984,16930,16999,16897,16895,16926,16971,16992,16981,16874,16876,16918,16936,16952,16887,16924,16883,16953,16881,16997,16979,16993,16909,16903,16939,16976,16991,16946,16961,16972,16904,16934,16942],[16978,16925,16943,16911,16967,16938,16915,16968,16877,16984,16871,16982,16907,16913,16930,16872,16999,17001,16895,16992,16873,16981,16874,16876,16936,16952,16887,16958,16924,16974,16953,16962,16899,16880,16948,16896,16963,16996,16955,16970,16987,16912,16941,16886,16892,16998,16902,16905,16908,16951,16893,16932,16891,16922,16950,16969,16935,16921,16983,16994]]
theta = [[1.178953,-0.112572,0.166288,0.101510,0.101510,0.000000,-0.001106,-0.001106,0.046972,0.096964,0.096964,0.000000,0.000000,-0.038824,-0.038824,0.051706,-0.080538,-0.080538,0.000000,0.000000,0.043074,0.915299,-0.057210,0.000022,0.000022,-0.124209,-0.124209,0.000000,-0.029762,0.000000,-0.016926,0.000000,0.000000,-0.000037,0.047066,0.032609,0.032609,0.017654,0.017654,-0.043726,-0.043726,0.000000,0.000000,0.000000,0.000000,-0.043726,-0.043726,0.000000,0.000000,0.000000,0.000000,0.060409,0.060409,0.000000,-0.026064,-0.026064],[1.256572,0.002400,-0.069751,0.045878,0.045878,0.000000,-0.042644,-0.042644,0.095156,0.009525,0.009525,0.000000,0.000000,-0.038516,-0.038516,0.044905,0.000294,0.000294,0.000000,0.000000,0.093963,0.004548,0.004548,0.020632,0.020632,0.045646,0.045646,0.000000,0.005477,0.000000,0.208810,0.000000,0.000000,0.000020,-0.001095,-0.049868,0.922641,0.002285,0.002285,-0.007406,-0.007406,0.000000,0.000000,0.000000,0.000000,-0.007406,-0.007406,0.000000,0.000000,0.000000,0.000000,-0.056645,-0.056645,0.000000,0.048920,0.048920],[1.033474,0.029812,-0.156253,0.233351,0.233351,0.000000,0.201133,0.201133,-0.002121,0.074682,0.074682,0.000000,0.000000,-0.032506,-0.032506,0.055253,0.057194,0.057194,0.000000,0.000000,0.049488,-0.000510,-0.000510,0.000003,0.000003,0.061174,0.061174,0.000000,0.015364,0.000000,0.661292,0.000000,0.000000,0.000028,0.002334,0.002268,0.002268,0.013690,0.013690,-0.037245,-0.037245,0.000000,0.000000,0.000000,0.000000,-0.037245,-0.037245,0.000000,0.000000,0.000000,0.000000,0.028259,0.028259,0.000000,-0.023779,-0.023779],[1.234040,-0.122705,0.062340,0.110660,0.110660,0.000000,-0.137699,-0.137699,0.135409,0.008984,0.008984,0.000000,0.000000,0.033365,0.033365,0.040844,-0.075758,-0.075758,0.000000,0.000000,-0.005640,0.007485,0.007485,0.018238,0.018238,-0.082648,-0.082648,0.000000,-0.068445,0.000000,0.164701,0.000000,0.000000,-0.000001,-0.086112,0.013705,0.013705,0.039829,0.039829,0.033180,0.033180,0.000000,0.000000,0.000000,0.000000,0.033180,0.033180,0.000000,0.000000,0.000000,0.000000,0.991807,0.005638,0.000000,0.075474,0.075474]]
alpha = [1.187186,1.204736,1.034563,1.197921]
runtime = 16.400000
