seed = 1
ll = -983.526672
loss_zeroone = 0.159091
loss_symmetric = 0.164255
fscore = 0.691960
clusters = [[16870,16978,16925,16943,16911,16967,16938,16915,16968,16877,16984,16930,16872,16999,17001,16895,16926,16992,16873,16981,16874,16876,16952,16887,16958,16924,16953],[16899,16948,16896,16885,16963,16996,16955,16970,16987,16912,16941,16886,16892,16998,16902,16905,16908,16951,16932,16894,16956,16891,16922,16986,16944,16989,16980,16898,16931,16973,16901,16935,16921],[16978,16925,16943,16967,16938,16915,16877,16984,16999,16897,16895,16971,16992,16981,16874,16876,16918,16936,16952,16887,16924,16974,16883,16953,16962,16881,16997,16896,16996,16955,16970,16987,16912,16886,16902,16905,16908,16951,16893,16891,16979,16993,16909,16903,16939,16976,16991,16946,16961,16972,16904,16919,16934,16990]]
theta = [[1.447581,-0.136975,0.055209,0.128563,0.128563,0.000000,-0.054768,-0.054768,0.173426,0.056514,0.056514,0.000000,0.000000,0.024994,0.024994,0.065474,-0.064392,-0.064392,0.000000,0.000000,0.079093,0.938161,-0.043760,0.014393,0.014393,-0.097071,-0.097071,0.000000,-0.007782,0.000000,0.048763,0.000000,0.000000,0.000035,-0.051560,0.106527,0.106527,0.066970,0.066970,-0.034864,-0.034864,0.000000,0.000000,0.000000,0.000000,-0.034864,-0.034864,0.000000,0.000000,0.000000,0.000000,0.069367,0.069367,0.000000,0.046570,0.046570],[1.086382,-0.160286,-0.064187,0.034829,0.034829,0.000000,-0.134960,-0.134960,0.052268,0.067175,0.067175,0.000000,0.000000,-0.019238,-0.019238,-0.025585,-0.028650,-0.028650,0.000000,0.000000,0.105212,-0.077496,-0.077496,0.026454,0.026454,-0.039380,-0.039380,0.000000,0.003146,0.000000,0.284151,0.000000,0.000000,0.000025,-0.030563,0.015086,1.009979,0.005030,0.005030,0.003722,0.003722,0.000000,0.000000,0.000000,0.000000,0.003722,0.003722,0.000000,0.000000,0.000000,0.000000,-0.071193,-0.071193,0.000000,0.144521,0.144521],[0.969058,0.042095,-0.061017,0.115918,0.115918,0.000000,0.011610,0.011610,-0.058103,-0.010206,-0.010206,0.000000,0.000000,0.017080,0.017080,0.001298,0.046313,0.046313,0.000000,0.000000,0.037523,0.046745,0.046745,0.003036,0.003036,0.076077,0.076077,0.000000,-0.013166,0.000000,0.680880,0.000000,0.000000,0.000047,-0.053793,-0.040715,-0.040715,0.035022,0.035022,0.004621,0.004621,0.000000,0.000000,0.000000,0.000000,0.004621,0.004621,0.000000,0.000000,0.000000,0.000000,-0.001571,-0.001571,0.000000,-0.048950,-0.048950]]
alpha = [1.274228,1.197130,0.901319]
runtime = 34.547890
