seed = 0
ll = -331.957458
loss_zeroone = 0.122642
loss_symmetric = 0.094157
fscore = 0.805011
clusters = [[17953,17960,18001,17987,17963,17981,17998,17955,17989,18004,17976,17974,17967,17986,17982,17997,17971,17977,17970,17991,17988,17992],[17952,18002,17968,17979,18003,17975,17961,17969,17990,17995,18000,17959,17978,17994]]
theta = [[1.169210,-0.000260,0.026614,0.000000,0.000000,0.000000,0.000000,0.000000,0.041498,0.000000,0.000000,0.000000,0.000000,0.031979,0.000000,0.000000,-0.049565,-0.049565,0.001348,0.001348,0.077993,0.000000,0.000000,0.000000,0.000000,0.000000,0.061493,0.000000,0.000000,0.000000,0.000000,0.000000,0.000000,0.000000,0.000000,0.000000,0.000000,0.000000,0.033923,0.033923,0.000000,0.000000,0.000000,0.000000,0.000000,0.000000,0.000000,0.000000,0.000000,0.000000,0.000000,0.000000,-0.000246,-0.000246,0.000000,0.000000,0.000000,0.000000,0.000000,0.000000,0.000000,0.000000,0.000000,0.000000,0.000000,-0.047602,0.888674],[1.490284,-0.000002,0.373621,0.000000,0.000000,0.000000,0.000000,0.000000,0.025954,0.000000,0.000000,0.000000,0.000000,0.161885,0.000000,0.000000,0.055611,0.055611,0.055418,0.055418,0.175686,0.000000,0.000000,0.000000,0.000000,0.000000,0.086277,0.000000,0.000000,0.000000,0.000000,0.967958,0.000000,0.000000,0.000000,0.000000,0.000000,0.000000,0.421017,0.421017,0.000000,0.000000,0.000000,0.000000,0.000000,0.000000,0.000000,0.000000,0.000000,0.000000,0.000000,0.000000,-0.001130,-0.001130,0.000000,0.000000,0.000000,0.000000,0.000000,0.000000,0.000000,0.000000,0.000000,0.000000,0.000000,0.004917,0.004917]]
alpha = [0.791692,1.148510]
runtime = 0.380000
