seed = 1
ll = -191.988480
loss_zeroone = 0.273585
loss_symmetric = 0.189082
fscore = 0.630064
clusters = [[17952,18002,17968,17979,18003,17975,17961,17969,17990,17995,18000,17959,18001,17955,17989,18004,17976,17974,17967,17986,17982,17997,17971,17966,17957,17956,17983,17978,17994,17991,17980,17993,17992],[17952,18002,17968,17979,18003,17975,17961,17969,17990,17995,18000,17959,17999,17954,17973,17972,17965,17958,17985,17984,17962,17978,17994],[17953,17960,18001,17987,17963,17981,17998,17954,17973,17972,17965,17958,17985,17984,17955,17962,17989,18004,17976,17964,17974,17967,17986,17982,17997,17971,17977,17970,17991,17988,17992],[17968,18003,17961,17995,17959,17953,17960,18001,17987,17963,17981,17998,17966,17957,17956,17983,17977,17970,17994,17980,17993,17988]]
theta = [[1.469744,-0.002229,0.313398,0.000000,0.000000,0.000000,0.000000,0.000000,0.039981,0.000000,0.000000,0.000000,0.000000,0.255588,0.000000,0.000000,-0.013231,-0.013231,0.000121,0.000121,0.083540,0.000000,0.000000,0.000000,0.000000,0.000000,0.155242,0.000000,0.000000,0.000000,0.000000,0.000000,0.000000,0.946597,0.000000,0.000000,0.000000,0.000000,0.270114,0.270114,0.000000,0.000000,0.000000,0.000000,0.000000,0.000000,0.000000,0.000000,0.000000,0.000000,0.000000,0.000000,0.022386,0.022386,0.000000,0.000000,0.000000,0.000000,0.000000,0.000000,0.000000,0.000000,0.000000,0.000000,0.000000,-0.022546,-0.022546],[1.462506,0.035454,0.276843,0.000000,0.000000,0.000000,0.000000,0.000000,0.238725,0.000000,0.000000,0.000000,0.000000,-0.000444,0.000000,0.000000,-0.004264,-0.004264,0.041290,0.041290,0.156641,0.000000,0.000000,0.000000,0.000000,0.000000,0.239411,0.000000,0.000000,0.000000,0.000000,0.000000,0.000000,0.000000,0.000000,0.000000,0.000000,0.000000,1.198397,0.198753,0.000000,0.000000,0.000000,0.000000,0.000000,0.000000,0.000000,0.000000,0.000000,0.000000,0.000000,0.000000,-0.000051,-0.000051,0.000000,0.000000,0.000000,0.000000,0.000000,0.000000,0.000000,0.000000,0.000000,0.000000,0.000000,-0.032367,-0.032367],[1.619895,0.028191,0.051361,0.000000,0.000000,0.000000,0.000000,0.000000,0.296037,0.000000,0.000000,0.000000,0.000000,0.098051,0.000000,0.000000,0.103989,0.103989,0.013808,0.013808,-0.000013,0.000000,0.000000,0.000000,0.000000,0.000000,0.321777,0.000000,0.000000,0.000000,0.000000,0.000000,0.000000,0.000000,0.000000,0.946597,0.000000,0.000000,0.254526,0.254526,0.000000,0.000000,0.000000,0.000000,0.000000,0.000000,0.000000,0.000000,0.000000,0.000000,0.000000,0.000000,-0.008490,-0.008490,0.000000,0.000000,0.000000,0.000000,0.000000,0.000000,0.000000,0.000000,0.000000,0.000000,0.000000,0.058801,0.058801],[1.347386,-0.000127,0.324487,0.000000,0.000000,0.000000,0.000000,0.000000,0.014461,0.000000,0.000000,0.000000,0.000000,0.355591,0.946597,0.000000,0.153207,0.153207,0.007769,0.007769,-0.004000,0.000000,0.000000,0.000000,0.000000,0.000000,0.134321,0.000000,0.000000,0.000000,0.000000,0.000000,0.000000,0.000000,0.000000,0.000000,0.000000,0.000000,-0.083177,-0.083177,0.000000,0.000000,0.000000,0.000000,0.000000,0.000000,0.000000,0.000000,0.000000,0.000000,0.000000,0.000000,0.018168,0.018168,0.000000,0.000000,0.000000,0.000000,0.000000,0.000000,0.000000,0.000000,0.000000,0.000000,0.000000,0.134982,0.134982]]
alpha = [0.989444,1.196583,1.046593,0.856458]
runtime = 0.800000
