seed = 1
ll = -283.964203
loss_zeroone = 0.188679
loss_symmetric = 0.126330
fscore = 0.742960
clusters = [[17952,18002,17968,17979,18003,17975,17961,17969,17990,17995,18000,17959,17999,17954,17973,17972,17965,17958,17985,17984,17962,17978,17994],[17953,17960,18001,17987,17963,17981,17998,17955,17989,18004,17976,17964,17974,17967,17986,17982,17997,17971,17956,17983,17977,17970,17991,17988,17992],[17952,18002,17968,17979,18003,17975,17961,17969,17990,17995,18000,17959,17953,17960,18001,17963,17981,17998,17966,17957,17977,17970,17978,17994,17980,17993,17988]]
theta = [[1.420702,-0.000124,0.300598,0.000000,0.000000,0.000000,0.000000,0.000000,0.199977,0.000000,0.000000,0.000000,0.000000,0.134265,0.000000,0.000000,0.080817,0.080817,-0.000552,-0.000552,0.004635,0.000000,0.000000,0.000000,0.000000,0.000000,0.146651,0.000000,0.000000,0.000000,0.000000,0.000000,0.000000,0.957278,0.000000,0.000000,0.000000,0.000000,0.278979,0.278979,0.000000,0.000000,0.000000,0.000000,0.000000,0.000000,0.000000,0.000000,0.000000,0.000000,0.000000,0.000000,-0.000312,-0.000312,0.000000,0.000000,0.000000,0.000000,0.000000,0.000000,0.000000,0.000000,0.000000,0.000000,0.000000,0.029760,0.029760],[1.516906,0.000133,0.178309,0.000000,0.000000,0.000000,0.000000,0.000000,0.164428,0.000000,0.000000,0.000000,0.000000,0.228744,0.000000,0.000000,0.006084,0.006084,0.024833,0.024833,0.087670,0.000000,0.000000,0.000000,0.000000,0.000000,0.188729,0.000000,0.000000,0.000000,0.000000,0.000000,0.000000,0.000000,0.000000,0.000000,0.000000,0.000000,0.933435,0.002855,0.000000,0.000000,0.000000,0.000000,0.000000,0.000000,0.000000,0.000000,0.000000,0.000000,0.000000,0.000000,0.000417,0.000417,0.000000,0.000000,0.000000,0.000000,0.000000,0.000000,0.000000,0.000000,0.000000,0.000000,0.000000,0.002801,0.002801],[1.164608,0.000556,0.258789,0.000000,0.000000,0.000000,0.000000,0.000000,-0.019704,0.000000,0.000000,0.000000,0.000000,0.050367,0.000000,0.000000,0.080823,0.080823,-0.000434,-0.000434,0.020683,0.000000,0.000000,0.000000,0.000000,0.000000,0.025433,0.000000,0.000000,0.000000,0.000000,0.000000,0.000000,0.000000,0.000000,0.957278,0.000000,0.000000,0.346401,0.346401,0.000000,0.000000,0.000000,0.000000,0.000000,0.000000,0.000000,0.000000,0.000000,0.000000,0.000000,0.000000,-0.000010,-0.000010,0.000000,0.000000,0.000000,0.000000,0.000000,0.000000,0.000000,0.000000,0.000000,0.000000,0.000000,0.015853,0.015853]]
alpha = [1.115963,1.076064,0.988492]
runtime = 2.312234
