seed = 1
ll = -403.677002
loss_zeroone = 0.018868
loss_symmetric = 0.012500
fscore = 0.962963
clusters = [[17952,18002,17968,17979,18003,17975,17961,17969,17990,17995,18000,17959,17978,17994]]
theta = [[1.349559,0.058657,0.224512,0.000000,0.000000,0.000000,0.000000,0.000000,-0.013800,0.000000,0.000000,0.000000,0.000000,0.063545,0.000000,0.000000,-0.009905,-0.009905,0.009599,0.009599,0.122641,0.000000,0.000000,0.000000,0.000000,0.000000,0.049272,0.000000,0.000000,0.000000,0.000000,0.000000,0.000000,0.982199,0.000000,0.000000,0.000000,0.000000,0.344921,0.344921,0.000000,0.000000,0.000000,0.000000,0.000000,0.000000,0.000000,0.000000,0.000000,0.000000,0.000000,0.000000,0.029121,0.029121,0.000000,0.000000,0.000000,0.000000,0.000000,0.000000,0.000000,0.000000,0.000000,0.000000,0.000000,-0.049293,-0.049293]]
alpha = [1.454347]
runtime = 0.160000
