seed = 3
ll = -20083.675781
loss_zeroone = 0.222222
loss_symmetric = 0.603349
fscore = 0.000000
clusters = [[18006,18271,18414,18063,18339,18179,18306,18151,18347,18156,18066,18302,18193,18465,18432,18098,18253,18450,18255,18059,18186,18027,18225,18489,18470,18431,18529,18540,18054,18143,18481,18282,18527,18357,18012,18093,18362,18310,18177,18317,18181,18124,18334,18343,18454,18426,18118,18175,18235,18029,18112,18133,18265,18263,18451,18221,18506,18226,18427,18442,18021,18110,18159,18477,18269,18401,18469,18425,18494,18044,18076,18396,18200,18120,18168,18180,18519,18335,18456,18074,18526,18349,18342,18231,18435,18172,18393,18348,18361,18503,18056,18514,18471,18138,18037,18380,18267,18077,18039,18448,18389,18299,18365,18345,18416,18531,18197,18171,18285,18364,18228,18126,18353,18313,18045,18272],[18378,18271,18125,18063,18179,18306,18151,18350,18347,18156,18302,18193,18465,18432,18098,18160,18450,18255,18059,18474,18027,18225,18489,18470,18431,18529,18143,18527,18357,18386,18510,18338,18093,18310,18177,18317,18181,18124,18454,18426,18235,18029,18112,18265,18263,18052,18451,18221,18226,18442,18016,18508,18337,18330,18159,18145,18452,18477,18017,18269,18473,18425,18441,18076,18108,18321,18200,18500,18402,18314,18301,18254,18420,18419,18203,18335,18349,18231,18348,18471,18530,18380,18267,18039,18466,18299,18413,18195,18531,18517,18294,18068,18297,18480,18364,18395,18509,18248,18468,18166,18289,18472,18266]]
theta = [[1.078317,0.064311,0.081661,0.014692,0.014692,0.000000,0.001931,0.001931,0.148893,0.000000,0.000000,0.000000,0.000000,-0.069545,-0.069545,0.000000,0.000000,0.000000,0.000000,-0.017438,-0.017438,0.000000,0.000000,0.041834,0.041834,0.169047,0.169047,0.030869,0.030869,-0.054882,-0.054882,0.068209,0.068209,0.082071,0.082071,0.070244,-0.212683,0.785688,0.000000,0.000000,0.038597,0.038597,0.034247,0.034247,0.000000,0.000000,0.000000,0.000000,0.000000,0.000000,0.033657,0.033657,0.331821,0.331821,0.000000,-0.022394,0.000000,0.154298,0.015393,0.015393,0.000000,0.000000,0.000000,-0.011779,0.040246,0.040246,0.049281,0.049281,0.000000,0.000000,0.000000,0.000000,-0.019700,0.000000,-0.085425,0.008139,0.008139,0.004720,0.004720,-0.044012,-0.055673,0.006844,0.000000,-0.000432,-0.000432,0.000000,0.020141,0.000000,0.000000,0.000004,0.000004,-0.012828,-0.012828,0.084585,0.084585,0.000000,-0.039922,-0.029062,-0.038630,-0.029720,0.059931,0.059931,0.000000,0.089841,0.089841],[0.944164,0.064790,0.056249,-0.001897,-0.001897,0.000000,0.002325,0.002325,0.132174,0.000000,0.000000,0.000000,0.000000,-0.061464,-0.061464,0.000000,0.000000,0.000000,0.000000,-0.017602,-0.017602,0.000000,0.000000,0.084389,0.084389,0.145071,0.145071,-0.040852,-0.040852,-0.104206,-0.104206,0.061816,0.061816,0.082571,0.082571,0.032637,-0.185733,-0.185733,0.000000,0.000000,0.038898,0.038898,0.039602,0.039602,0.000000,0.000000,0.999170,0.000000,0.000000,0.000000,-0.064398,-0.064398,0.276199,0.276199,0.000000,0.000006,0.000000,0.182406,0.015519,0.015519,0.000000,0.000000,0.000000,0.014189,0.040561,0.040561,0.074242,0.074242,0.000000,0.000000,0.000000,0.000000,0.021486,0.000000,-0.089296,0.030023,0.030023,-0.014485,-0.014485,-0.035851,-0.085845,0.040780,0.000000,-0.005085,-0.005085,0.000000,0.020268,0.000000,0.000000,0.000060,0.000060,-0.049739,-0.049739,0.077825,0.077825,0.000000,-0.035631,-0.024628,-0.019577,-0.015569,0.049862,0.049862,0.000000,0.073109,0.073109]]
alpha = [1.330070,1.389879]
runtime = 891.910034
