seed = 2
ll = -22354.666016
loss_zeroone = 0.201852
loss_symmetric = 0.597198
fscore = 0.000000
clusters = [[18271,18063,18179,18306,18151,18347,18156,18302,18193,18465,18432,18098,18253,18450,18255,18059,18186,18027,18225,18489,18470,18431,18529,18054,18143,18481,18527,18357,18386,18012,18093,18362,18310,18177,18317,18181,18124,18334,18343,18454,18426,18118,18175,18235,18029,18112,18133,18265,18263,18052,18451,18221,18506,18226,18427,18442,18021,18110,18159,18452,18477,18269,18401,18469,18425,18441,18076,18200,18314,18180,18519,18335,18456,18074,18526,18349,18342,18231,18435,18172,18348,18361,18503,18056,18514,18471,18138,18037,18380,18267,18077,18039,18448,18389,18299,18195,18345,18416,18531,18517,18171,18364,18228,18395]]
theta = [[1.075924,0.179270,0.031965,-0.009360,-0.009360,0.000000,-0.007836,-0.007836,0.159412,0.000000,0.000000,0.000000,0.000000,-0.120373,-0.120373,0.000000,0.000000,0.000000,0.000000,-0.002144,-0.002144,0.000000,0.000000,0.032128,0.032128,0.272934,0.272934,-0.029950,-0.029950,-0.084588,-0.084588,0.192455,0.192455,0.213645,0.213645,0.030111,-0.021757,-0.021757,0.000000,0.000000,0.095097,0.095097,0.021865,0.021865,0.000000,0.000000,0.000000,0.000000,0.000000,0.000000,-0.155442,-0.155442,0.323488,0.323488,0.000000,-0.066534,0.000000,0.248838,0.044987,0.044987,0.000000,0.000000,0.000000,0.899756,0.107387,0.107387,0.008823,0.008823,0.000000,0.000000,0.000000,0.000000,-0.033829,0.000000,-0.161308,0.002437,0.002437,0.039867,0.039867,-0.168275,-0.188408,0.006024,0.000000,-0.034947,-0.034947,0.000000,0.067811,0.000000,0.000000,-0.043376,-0.043376,-0.042356,-0.042356,0.196020,0.196020,0.000000,-0.026691,0.008999,-0.058645,-0.041379,0.142527,0.142527,0.000000,0.070662,0.070662]]
alpha = [2.224774]
runtime = 241.029999
