seed = 1
ll = -1568.027100
loss_zeroone = 0.179688
loss_symmetric = 0.153558
fscore = 0.747216
clusters = [[1841,1843,1943,1962,1921,1877,1929,1862,1852,1942,1916,1913,1887,1903,1844,1885,1846,1895,1917,1954,1894,1909,1859,1893,1847,1848,1961,1902,1850,1871,1966,1873,1911,1875,1900],[1936,1922,1931,1860,1842,1855,1904,1935,1930,1918,1934,1951,1956,1897,1955,1863,1890,1907,1888,1964,1941,1876,1881,1856,1845,1949,1948,1927,1932,1849,1946,1864,1870,1912,1854,1920,1896,1959,1914,1923,1915,1905,1853,1882,1950,1928,1867,1910,1957,1889,1901,1933,1945,1938,1872,1886,1924,1857,1944,1874,1883,1953,1868,1878,1906,1908,1900],[1840,1936,1922,1931,1860,1943,1962,1921,1877,1929,1862,1942,1916,1897,1913,1876,1887,1903,1844,1885,1846,1895,1917,1954,1849,1946,1864,1870,1896,1909,1859,1893,1939,1871,1923,1915,1905,1891,1960,1882,1950,1865,1867,1910,1957,1947,1898,1945,1886,1858,1952,1883,1866,1953,1925]]
theta = [[1.291938,0.002208,1.021701,0.018509,0.018509,0.000000,-0.016133,0.012614,0.158408,0.000000,0.000420,0.000000,0.180633,0.220139,0.294286,0.017705,0.017705],[1.196608,0.000179,0.857151,0.051583,0.051583,0.000000,0.040041,0.000981,0.006314,0.000000,0.000203,0.000000,0.039977,-0.004573,0.053843,0.057586,0.057586],[0.991248,0.000040,0.035345,0.023420,0.023420,0.000000,-0.011561,-0.048500,0.028879,0.000000,-0.002681,0.000000,0.043808,-0.089417,-0.056367,0.608186,-0.369903]]
alpha = [1.352991,1.143371,0.921181]
runtime = 53.441341
