seed = 0
ll = -2145.648193
loss_zeroone = 0.093750
loss_symmetric = 0.162519
fscore = 0.800000
clusters = [[1943,1962,1921,1877,1929,1862,1942,1916,1913,1887,1903,1844,1885,1846,1895,1917,1954,1909,1859,1893,1847,1848,1961,1850,1871]]
theta = [[1.311809,0.074435,0.445855,-0.078387,-0.078387,0.000000,0.034354,0.026584,0.231589,0.000000,0.058110,0.000000,0.185938,0.041337,0.189581,-0.469010,0.519576]]
alpha = [1.592282]
runtime = 3.880000
