seed = 4
ll = -1744.582886
loss_zeroone = 0.132812
loss_symmetric = 0.151076
fscore = 0.819190
clusters = [[1936,1922,1931,1860,1842,1855,1904,1935,1918,1934,1956,1897,1863,1890,1907,1888,1964,1941,1876,1845,1948,1927,1932,1849,1946,1864,1870,1912,1854,1920,1896,1959,1923,1915,1905,1853,1891,1882,1950,1928,1867,1910,1957,1889,1901,1933,1945,1872,1886,1883,1953],[1841,1843,1943,1962,1921,1877,1929,1862,1852,1942,1916,1913,1887,1903,1844,1885,1846,1895,1917,1954,1909,1859,1893,1847,1848,1961,1902,1850,1871,1966,1873,1911]]
theta = [[1.112489,0.021928,0.181833,0.743890,-0.241522,0.000000,0.048489,0.004165,0.101882,0.000000,0.006224,0.000000,0.007749,-0.032916,0.104082,0.069523,0.069523],[1.393014,0.024446,0.117940,0.698190,-0.287223,0.000000,-0.000692,0.029641,0.055672,0.000000,0.006987,0.000000,0.218973,0.144062,0.173183,0.069083,0.069083]]
alpha = [1.103054,1.298188]
runtime = 9.080000
