seed = 4
ll = -1331.096680
loss_zeroone = 0.268750
loss_symmetric = 0.223100
fscore = 0.656407
clusters = [[1840,1936,1922,1931,1860,1843,1943,1962,1921,1877,1929,1862,1942,1842,1855,1935,1918,1934,1951,1956,1897,1863,1890,1907,1888,1964,1913,1941,1876,1887,1903,1844,1885,1846,1917,1954,1845,1948,1927,1932,1849,1946,1864,1870,1912,1854,1920,1896,1909,1859,1893,1959,1847,1850,1914,1871,1923,1915,1905,1853,1966,1891,1882,1950,1928,1865,1867,1910,1957,1947,1889,1901,1933,1945,1872,1873,1886,1883,1953,1892,1958,1900],[1841,1943,1962,1921,1877,1929,1862,1852,1942,1916,1913,1887,1903,1844,1885,1846,1895,1917,1954,1894,1909,1859,1893,1847,1848,1961,1902,1939,1850,1871,1873,1911,1875],[1840,1936,1922,1931,1860,1897,1888,1876,1846,1845,1949,1948,1927,1932,1849,1946,1864,1870,1920,1896,1939,1914,1923,1915,1905,1891,1960,1882,1950,1865,1867,1910,1957,1947,1945,1938,1963,1886,1861,1858,1952,1883,1866,1953,1878,1925,1908],[1936,1922,1931,1860,1842,1855,1904,1935,1930,1918,1934,1956,1897,1955,1863,1890,1907,1888,1964,1876,1881,1856,1845,1949,1849,1946,1864,1870,1912,1854,1896,1909,1959,1923,1915,1905,1853,1960,1882,1950,1867,1957,1926,1889,1898,1901,1933,1945,1872,1886,1924,1857,1944,1874,1883,1880,1866,1953,1911,1868,1879,1875,1906,1965,1925],[1841,1843,1943,1962,1921,1877,1929,1862,1852,1942,1842,1916,1855,1904,1935,1930,1918,1934,1951,1956,1897,1955,1863,1890,1907,1888,1964,1913,1941,1887,1903,1895,1917,1954,1881,1856,1845,1949,1948,1927,1932,1912,1854,1920,1859,1959,1848,1961,1902,1871,1966,1928,1889,1898,1901,1938,1963,1858,1952,1924,1857,1944,1874,1911,1868,1878,1884,1869,1906,1908,1900]]
theta = [[0.975319,-0.000005,-0.111118,0.970218,-0.000547,0.000000,-0.021134,-0.087984,-0.064847,0.000000,0.000018,0.000000,-0.160459,-0.022674,-0.027009,0.113532,0.113532],[1.581052,-0.000048,0.341972,0.794545,-0.176220,0.000000,0.007955,0.070868,0.021707,0.000000,0.000049,0.000000,0.239973,0.210627,0.272939,0.118032,0.118032],[1.164789,-0.000029,0.082533,0.063547,0.063547,0.000000,0.007107,-0.018740,0.700681,0.000000,-0.000015,0.000000,0.191249,-0.025177,0.025455,0.043680,0.043680],[0.989282,0.000033,0.278857,-0.015815,-0.015815,0.000000,0.004711,-0.014701,-0.071032,0.000000,0.000023,0.985352,0.104477,-0.055093,0.028255,0.035510,0.035510],[1.244495,0.000047,-0.029795,-0.057360,-0.057360,0.985352,-0.035875,0.000510,0.174229,0.000000,0.000485,0.000000,-0.093858,-0.070429,-0.060421,0.009602,0.009602]]
alpha = [0.739882,1.123994,0.749243,0.957235,1.039619]
runtime = 26.740000
