seed = 2
ll = -1179.718750
loss_zeroone = 0.354911
loss_symmetric = 0.264801
fscore = 0.495450
clusters = [[1936,1922,1931,1841,1843,1943,1962,1921,1877,1929,1862,1852,1942,1842,1916,1855,1935,1918,1934,1951,1956,1897,1863,1890,1907,1888,1964,1913,1941,1876,1887,1903,1844,1895,1917,1954,1894,1845,1849,1946,1864,1870,1854,1920,1896,1859,1893,1959,1847,1848,1961,1902,1914,1871,1923,1915,1905,1853,1891,1960,1882,1950,1928,1865,1867,1910,1957,1926,1889,1901,1933,1945,1938,1872,1873,1886,1858,1952,1866,1953,1892,1878,1958,1925,1900],[1840,1936,1922,1931,1860,1841,1943,1962,1921,1877,1929,1862,1852,1942,1916,1904,1930,1897,1955,1913,1887,1903,1844,1885,1846,1895,1917,1954,1949,1849,1946,1870,1896,1909,1859,1893,1847,1902,1939,1850,1914,1871,1923,1915,1905,1966,1891,1960,1882,1865,1867,1910,1957,1947,1898,1945,1963,1873,1944,1874,1883,1880,1953,1911,1868,1892,1879,1884,1869,1906,1965],[1840,1936,1922,1931,1860,1842,1855,1904,1935,1930,1918,1934,1951,1956,1897,1955,1863,1890,1907,1888,1964,1941,1876,1845,1948,1927,1932,1849,1946,1864,1870,1912,1854,1920,1896,1959,1914,1923,1915,1905,1853,1891,1960,1882,1950,1928,1867,1910,1957,1947,1889,1933,1945,1872,1886,1944,1874,1883,1866,1953,1868,1879,1878,1906,1925],[1841,1843,1943,1962,1921,1877,1929,1862,1852,1942,1916,1913,1887,1903,1844,1885,1846,1895,1917,1954,1894,1909,1859,1893,1847,1848,1961,1902,1850,1871,1966,1873,1911,1875,1869],[1943,1962,1921,1877,1929,1862,1942,1842,1916,1855,1904,1935,1930,1918,1934,1951,1956,1897,1955,1863,1890,1907,1888,1964,1913,1941,1876,1887,1903,1844,1885,1846,1895,1917,1954,1881,1856,1845,1949,1948,1927,1932,1912,1854,1920,1909,1859,1959,1848,1961,1939,1850,1871,1966,1889,1898,1901,1963,1861,1858,1952,1924,1857,1944,1874,1880,1911,1868,1884,1875,1906,1965,1908,1900],[1936,1922,1931,1860,1929,1897,1888,1876,1881,1856,1845,1949,1948,1927,1932,1849,1946,1864,1870,1912,1920,1896,1939,1923,1915,1905,1853,1882,1950,1865,1867,1910,1957,1947,1901,1933,1945,1938,1872,1886,1861,1924,1857,1883,1866,1953,1911,1875,1958,1908,1900],[1840,1936,1922,1860,1841,1843,1943,1921,1877,1929,1862,1852,1942,1842,1855,1904,1918,1934,1956,1897,1863,1890,1907,1888,1964,1913,1885,1846,1881,1856,1845,1949,1927,1849,1864,1870,1912,1854,1896,1909,1893,1959,1847,1848,1961,1902,1914,1891,1882,1928,1865,1926,1889,1898,1901,1933,1938,1963,1886,1858,1952,1924,1857,1883,1892,1878,1900]]
theta = [[0.892097,0.000081,-0.018613,0.009089,0.009089,0.000000,0.002768,0.992061,-0.046267,0.000000,0.000034,0.000000,-0.153365,-0.001715,-0.040990,0.008419,0.008419],[1.016036,-0.000052,-0.001300,0.033005,0.033005,0.000000,-0.000102,-0.009257,0.017327,0.991455,0.000000,0.000000,-0.110016,0.056822,0.018714,-0.031575,-0.031575],[1.134988,0.000040,0.070652,-0.134519,0.848452,0.000000,0.002602,0.006978,-0.004311,0.000000,0.000046,0.000000,0.054073,0.006237,0.036039,0.065087,0.065087],[1.229180,-0.000006,0.225537,0.134602,0.134602,0.000000,0.011726,0.038133,0.173639,0.000000,0.000022,0.000000,0.185697,0.213876,0.261619,0.077696,0.077696],[1.182689,-0.000039,0.062943,-0.033559,-0.033559,0.000000,0.961369,-0.038963,0.055625,0.000000,-0.000002,0.000000,0.054433,-0.030270,-0.018854,0.028387,0.028387],[0.991186,0.000048,0.795641,-0.007988,-0.007988,0.000000,0.002698,-0.000027,-0.062028,0.000000,-0.000022,0.000000,0.095308,-0.045505,-0.002536,0.022156,0.022156],[0.861696,-0.000012,-0.049596,-0.048101,-0.048101,0.000000,-0.008166,-0.022990,-0.062717,0.000000,0.000035,0.000000,-0.045726,-0.001121,0.028862,0.014700,0.014700]]
alpha = [0.943343,0.985889,0.904542,1.142488,1.060737,0.899664,0.930364]
runtime = 32.630001
