seed = 0
ll = -1406.100830
loss_zeroone = 0.267578
loss_symmetric = 0.236370
fscore = 0.622489
clusters = [[1840,1936,1922,1931,1860,1841,1843,1943,1962,1921,1877,1929,1862,1852,1942,1916,1897,1913,1887,1903,1844,1885,1846,1895,1917,1954,1849,1946,1864,1870,1896,1859,1848,1902,1850,1871,1923,1915,1905,1853,1966,1882,1950,1865,1867,1910,1957,1947,1933,1945,1872,1873,1886,1883,1953,1911,1892,1869,1958,1925,1900],[1841,1943,1962,1921,1877,1929,1862,1852,1942,1842,1916,1855,1935,1918,1934,1956,1897,1863,1890,1907,1888,1964,1913,1941,1876,1887,1903,1885,1895,1917,1954,1881,1856,1845,1927,1932,1912,1854,1909,1859,1893,1959,1847,1848,1961,1902,1871,1966,1926,1889,1898,1901,1858,1952,1924,1857,1869,1900],[1936,1922,1931,1860,1842,1855,1904,1935,1930,1918,1934,1951,1956,1897,1955,1863,1890,1907,1888,1964,1941,1876,1845,1949,1948,1927,1932,1849,1946,1864,1870,1912,1854,1920,1896,1959,1914,1923,1915,1905,1853,1891,1960,1882,1950,1928,1867,1910,1957,1889,1901,1933,1945,1938,1872,1886,1944,1874,1883,1866,1953,1868,1878,1906,1908],[1843,1943,1962,1921,1877,1929,1862,1942,1916,1904,1930,1955,1913,1887,1903,1844,1885,1846,1895,1917,1954,1894,1909,1859,1893,1847,1961,1939,1850,1871,1873,1944,1874,1880,1911,1868,1879,1884,1875,1906,1965]]
theta = [[1.073664,-0.000104,0.050010,0.079613,0.079613,0.000000,0.000083,0.011312,0.119191,0.000000,-0.000097,0.000000,0.111446,0.053187,0.082312,-0.373679,0.604409],[1.166621,0.000524,0.103502,-0.096806,-0.096806,0.000000,-0.046253,-0.078261,0.903062,0.000000,0.001175,0.000000,0.003990,-0.004956,0.048109,0.063618,0.063618],[1.358421,0.000660,0.175650,0.075814,0.075814,0.000000,0.019939,-0.016363,0.641051,0.000000,-0.000028,0.000000,0.055643,-0.014332,0.082216,0.133230,0.133230],[1.172455,0.000957,0.348958,0.058901,0.058901,0.000000,0.961066,-0.000040,0.138957,0.000000,-0.000107,0.000000,0.192793,0.125396,0.164373,-0.003116,-0.003116]]
alpha = [0.910530,0.989976,1.028124,1.164128]
runtime = 19.879999
