seed = 4
ll = -254.697205
loss_zeroone = 0.367647
loss_symmetric = 0.259441
fscore = 0.373383
clusters = [[18544,18564,18551,18569,18561,18593,18545,18552,18579,18606,18559,18581,18575,18546,18578,18586,18587,18592,18577,18608,18555,18604,18547,18599,18609,18573,18602,18603,18567,18588,18558,18582],[18564,18551,18569,18561,18593,18577,18604,18609,18566,18548,18574,18572,18590,18607,18562,18573,18602,18603,18588,18601,18568,18576,18582,18571,18580,18594,18591,18583,18585,18600,18595,18598],[18545,18552,18579,18611,18606,18570,18581,18546,18578,18586,18587,18592,18577,18566,18548,18574,18572,18590,18550,18607,18562,18597,18601,18576,18571,18605,18585,18600],[18545,18552,18611,18570,18559,18581,18575,18578,18586,18587,18592,18577,18555,18566,18548,18574,18572,18590,18550,18607,18562,18567,18554,18557,18565,18556,18596,18568,18576,18580,18594,18591,18583,18589,18595,18598],[18544,18564,18551,18569,18561,18593,18577,18604,18547,18599,18609,18573,18602,18603,18597,18554,18557,18565,18556,18596,18588,18601,18568,18571,18580,18594,18591,18605,18583,18585,18600,18589]]
theta = [[1.606727,0.970002,-0.120357,0.000063,0.175644,0.265023,0.000000,0.000000,0.102540,0.102540],[0.867475,0.000022,-0.611399,0.000022,-0.009192,0.040571,0.000000,0.000000,0.943320,0.001927],[1.259655,0.000041,0.194266,0.000041,0.276913,0.209852,0.000000,0.000000,-0.073891,-0.073891],[1.252792,0.969976,0.455297,0.000037,-0.034767,0.050426,0.000000,0.000000,0.058060,0.058060],[1.219418,0.000009,0.597568,0.000009,0.205136,0.103417,0.000000,0.000000,0.016767,0.016767]]
alpha = [1.367292,1.070791,1.137173,1.122206,0.809246]
runtime = 1.950000
