seed = 3
ll = -279.331909
loss_zeroone = 0.323529
loss_symmetric = 0.218567
fscore = 0.433462
clusters = [[18545,18552,18579,18611,18606,18570,18559,18575,18546,18578,18586,18592,18577,18608,18555,18566,18548,18574,18572,18590,18550,18607,18562,18597,18556,18596,18576,18595,18598],[18544,18564,18551,18569,18561,18593,18545,18552,18579,18606,18581,18575,18578,18586,18587,18592,18577,18604,18547,18599,18609,18573,18602,18603,18588],[18544,18564,18551,18569,18561,18593,18577,18604,18547,18599,18609,18566,18548,18574,18572,18590,18607,18562,18573,18602,18603,18554,18588,18601,18558,18568,18576,18582,18571,18580,18594,18591,18605,18583,18585,18600],[18545,18552,18611,18606,18570,18559,18581,18546,18578,18586,18587,18592,18577,18555,18567,18557,18565,18601,18568,18571,18580,18594,18591,18605,18583,18585,18600,18589]]
theta = [[1.432327,-0.000118,0.362191,-0.000118,0.103137,0.309117,0.000000,0.967563,-0.040521,-0.040521],[1.301140,0.000026,-0.510689,0.000026,0.349968,0.655745,0.000000,0.000000,0.100776,0.100776],[1.394446,0.000199,-0.212332,0.971436,0.182435,0.220509,0.000000,0.000000,0.056592,0.056592],[1.194327,0.000055,0.237777,0.000055,0.067651,0.146595,0.000000,0.000000,0.896188,-0.039150]]
alpha = [1.140889,1.075367,1.175237,0.986517]
runtime = 1.730000
