seed = 2
ll = -195.464523
loss_zeroone = 0.335294
loss_symmetric = 0.228013
fscore = 0.412308
clusters = [[18544,18564,18551,18569,18561,18593,18545,18552,18579,18611,18606,18570,18559,18581,18575,18546,18578,18586,18592,18577,18608,18555,18604,18547,18609,18550,18573,18602,18597,18588,18601,18558,18568,18571,18580,18594,18591,18605,18583,18585,18600],[18545,18552,18579,18611,18606,18570,18559,18581,18575,18546,18578,18586,18587,18592,18577,18608,18555,18566,18548,18574,18572,18590,18550,18607,18562,18597,18567,18554,18576,18595,18598],[18544,18564,18551,18569,18561,18593,18604,18547,18599,18609,18566,18548,18574,18572,18590,18607,18562,18573,18602,18603,18588,18558,18576,18582],[18577,18566,18548,18574,18572,18590,18550,18607,18562,18597,18554,18557,18565,18556,18596,18601,18568,18576,18571,18580,18594,18591,18605,18583,18585,18600,18589,18595,18598],[18545,18552,18579,18611,18606,18570,18581,18575,18546,18578,18586,18587,18592,18577,18555,18566,18574,18590,18567,18557,18565,18556,18596,18568,18576,18580,18594,18591,18583],[18564,18551,18569,18561,18593,18545,18552,18579,18611,18606,18570,18559,18581,18575,18578,18586,18587,18592,18577,18604,18547,18599,18609,18548,18572,18550,18607,18562,18573,18603,18556,18596,18588,18582,18589],[18544,18564,18551,18569,18561,18593,18545,18559,18581,18546,18578,18586,18587,18592,18577,18608,18555,18604,18599,18609,18573,18602,18603,18567,18554,18557,18565,18588,18601,18558,18582,18571,18605,18585,18600,18589,18595,18598]]
theta = [[0.974983,-0.000132,0.039402,-0.000132,0.059746,0.742770,0.000000,0.000000,-0.068722,-0.068722],[1.063484,0.969817,0.162282,-0.000122,0.031999,0.021563,0.000000,0.000000,0.041885,0.041885],[1.453765,-0.000101,-0.438012,-0.000101,0.232602,0.354349,0.000000,0.969726,-0.010227,-0.010227],[1.420073,-0.000108,0.157123,-0.000108,0.186197,0.212210,0.000000,0.000000,0.971123,0.000318],[1.273752,-0.000110,0.407896,-0.000110,0.073641,0.032319,0.000000,0.000000,0.077848,0.077848],[0.888578,-0.000132,0.069822,-0.000132,0.801387,-0.013062,0.000000,0.000000,0.004812,0.004812],[1.239937,0.969826,-0.243930,-0.000113,0.016540,0.075340,0.000000,0.000000,0.097714,0.097714]]
alpha = [0.677210,0.891163,1.184105,1.056641,0.950993,0.694977,1.007760]
runtime = 2.440000
