seed = 1
ll = -353.329590
loss_zeroone = 0.215686
loss_symmetric = 0.143095
fscore = 0.574681
clusters = [[18545,18552,18579,18611,18606,18570,18559,18581,18575,18546,18578,18586,18587,18592,18577,18555,18566,18548,18574,18572,18590,18607,18562,18567,18576],[18564,18551,18569,18561,18593,18545,18552,18581,18578,18586,18587,18592,18577,18555,18604,18609,18573,18602,18588,18601,18558,18568,18571,18580,18594,18591,18605,18583,18585,18600],[18544,18564,18551,18569,18561,18593,18604,18547,18599,18609,18573,18602,18603,18588,18582]]
theta = [[1.334233,0.993258,0.136599,-0.000038,0.171827,0.111683,0.000000,0.000000,0.113996,0.113996],[0.878321,0.000168,-0.417577,0.000168,-0.140524,0.060791,0.000000,0.000000,0.904865,-0.052098],[1.318025,0.000324,-0.402006,0.000324,0.826780,0.207909,0.000000,0.000000,0.194568,0.194568]]
alpha = [1.142741,1.058008,1.078476]
runtime = 4.200235
