seed = 4
ll = -419.380005
loss_zeroone = 0.117647
loss_symmetric = 0.159375
fscore = 0.683871
clusters = [[18545,18552,18579,18611,18606,18570,18559,18581,18575,18546,18578,18586,18587,18592,18577,18555,18567],[18544,18564,18551,18569,18561,18593,18604,18547,18599,18609,18573,18602,18603,18588,18582]]
theta = [[1.299201,1.005665,0.046009,0.005880,0.113143,0.099789,0.000000,0.000000,0.138149,0.138149],[1.303395,0.005899,-0.424137,0.005899,0.231505,0.172499,0.000000,0.000000,0.941631,-0.034796]]
alpha = [1.118042,1.153676]
runtime = 0.710000
