seed = 1
ll = -504.196869
loss_zeroone = 0.029412
loss_symmetric = 0.062500
fscore = 0.933333
clusters = [[18544,18564,18551,18569,18561,18593,18604,18547,18599,18609,18573,18602,18603,18588]]
theta = [[1.402007,1.072793,-0.928404,0.073010,0.218550,0.099580,0.000000,0.000000,0.090186,0.090186]]
alpha = [2.036619]
runtime = 0.580000
