seed = 2
ll = -180.220749
loss_zeroone = 0.361765
loss_symmetric = 0.243315
fscore = 0.378152
clusters = [[18544,18564,18551,18569,18561,18593,18545,18552,18579,18611,18606,18570,18581,18575,18546,18578,18586,18592,18577,18608,18555,18604,18547,18609,18602,18603,18597,18588,18601,18558,18568,18571,18594,18591,18605,18583,18585,18600,18595,18598],[18544,18564,18551,18569,18561,18593,18545,18552,18579,18611,18606,18570,18559,18581,18575,18578,18586,18587,18592,18577,18555,18604,18547,18599,18609,18607,18573,18602,18603,18567,18554,18556,18596,18588,18558,18576,18582,18580,18594,18583,18589],[18564,18551,18569,18561,18593,18552,18575,18586,18577,18604,18547,18599,18609,18566,18548,18574,18572,18590,18607,18562,18573,18602,18603,18554,18588,18601,18558,18576,18582,18571,18605,18585,18600,18589],[18544,18564,18551,18569,18561,18593,18577,18604,18599,18609,18566,18548,18574,18572,18590,18550,18607,18562,18573,18603,18557,18565,18588,18568,18576,18582,18580,18594,18591,18583,18589,18595,18598],[18545,18552,18579,18606,18559,18581,18575,18546,18578,18586,18587,18592,18577,18555,18566,18548,18574,18572,18590,18562,18597,18567,18601,18568,18571,18580,18594,18591,18605,18583,18585,18600],[18544,18564,18551,18569,18561,18593,18581,18587,18577,18604,18547,18599,18609,18550,18573,18602,18597,18554,18557,18565,18556,18596,18601,18558,18568,18582,18571,18580,18605,18585,18600],[18545,18552,18579,18611,18606,18570,18559,18581,18575,18546,18578,18586,18587,18592,18577,18608,18555,18566,18548,18574,18572,18590,18550,18607,18562,18597,18567,18554,18557,18565,18556,18596,18576,18589],[18544,18564,18551,18569,18561,18593,18545,18552,18579,18611,18606,18570,18559,18546,18578,18587,18592,18608,18604,18547,18599,18609,18573,18602,18603,18588,18595,18598],[18545,18611,18570,18559,18581,18546,18578,18586,18587,18592,18577,18608,18555,18566,18548,18574,18572,18590,18550,18607,18562,18567,18557,18565,18556,18596,18601,18568,18576,18580,18594,18591,18605,18583,18595,18598]]
theta = [[0.939571,-0.000214,0.001188,-0.000214,0.007034,0.747016,0.000000,0.000000,0.057087,0.057087],[1.081226,0.980538,0.021734,-0.000214,0.060883,-0.040373,0.000000,0.000000,0.084147,0.084147],[1.129373,-0.000214,-0.283712,-0.000214,0.046993,0.152797,0.000000,0.980538,-0.005753,-0.005753],[1.242523,-0.000214,-0.102451,-0.000214,0.025088,0.127046,0.000000,0.000000,0.949252,-0.018092],[1.134117,-0.000214,0.118812,-0.000214,0.129570,0.102902,0.000000,0.000000,0.084251,0.084251],[0.978087,-0.000214,-0.109843,-0.000214,0.830983,0.064665,0.000000,0.000000,-0.022634,-0.022634],[1.269657,0.980538,0.415243,-0.000214,0.152889,0.077498,0.000000,0.000000,0.049901,0.049901],[1.015965,-0.000214,-0.025951,-0.000214,0.093879,0.071961,0.000000,0.000000,0.892878,-0.068411],[1.144606,0.980538,0.120516,-0.000214,-0.008595,0.096606,0.000000,0.000000,0.007170,0.007170]]
alpha = [0.879556,1.010649,1.071110,1.080940,1.049194,0.882845,1.154215,0.927840,1.048112]
runtime = 2.760000
