seed = 4
ll = -1105.036499
loss_zeroone = 0.363768
loss_symmetric = 0.353109
fscore = 0.415946
clusters = [[19133,19131,19230,19147,19253,19217,19200,19180,19165,19266,19247,19210,19161,19134,19175,19166,19207,19132,19238,19208,19265,19156,19255,19237,19214,19199,19216,19188,19191,19162,19157,19176,19226,19223,19186,19235,19174,19190,19219,19151,19170,19222,19179,19197,19160,19153,19221,19224,19239,19193,19135,19209,19142,19169,19261,19182,19228,19234,19184,19244,19194,19232],[19133,19207,19132,19238,19213,19208,19265,19156,19146,19255,19237,19214,19199,19216,19188,19191,19162,19157,19176,19226,19223,19235,19174,19190,19219,19151,19170,19222,19179,19197,19192,19215,19171,19181,19160,19202,19163,19246,19183,19240,19206,19245,19187,19159,19136,19196,19139,19164,19250,19149,19228,19184],[19133,19131,19230,19147,19253,19217,19200,19180,19138,19165,19266,19247,19210,19161,19134,19175,19166,19181,19185,19163,19240,19236,19187,19239,19193,19135,19248,19204,19136,19196,19264,19168,19140,19137,19164,19209,19257,19252,19143,19158,19244,19167,19177,19155,19154,19262,19243,19242,19241,19267,19227],[19130,19203,19133,19205,19251,19207,19132,19238,19213,19265,19156,19146,19237,19214,19199,19216,19191,19157,19226,19186,19235,19174,19219,19151,19222,19179,19197,19192,19215,19171,19153,19185,19202,19183,19236,19206,19245,19221,19224,19159,19204,19142,19169,19263,19231,19144,19218,19184,19189,19148,19254,19173,19194,19177,19155,19225,19262,19243,19259,19233,19212,19242,19195,19241,19256,19258],[19130,19203,19211,19205,19251,19201,19131,19230,19147,19253,19217,19200,19180,19138,19165,19266,19247,19210,19161,19134,19166,19239,19193,19264,19168,19139,19140,19137,19209,19257,19250,19149,19182,19263,19231,19144,19218,19152,19189,19150,19148,19254,19173,19167,19225,19259,19233,19212,19195,19256,19258]]
theta = [[1.229023,0.000000,-0.012115,0.993699,0.055915,0.000000,0.000000],[1.355590,0.000000,-0.013325,0.993699,0.271559,0.000000,0.000000],[1.220338,0.993699,-0.011913,0.000000,0.033639,0.000000,0.000000],[1.014599,0.000000,-0.000597,0.993699,0.051814,0.000000,0.000000],[1.073515,0.993699,0.004801,0.000000,0.098725,0.000000,0.000000]]
alpha = [1.060162,1.151588,1.054081,0.949476,0.980619]
runtime = 26.950001
