seed = 1
ll = -1487.195801
loss_zeroone = 0.231884
loss_symmetric = 0.315162
fscore = 0.497459
clusters = [[19133,19207,19132,19238,19213,19208,19265,19156,19255,19237,19214,19199,19216,19188,19191,19162,19157,19176,19226,19223,19186,19235,19174,19190,19219,19151,19170,19222,19179,19197,19192,19215,19171,19160,19153,19202,19183,19206,19245,19159,19142,19228,19184],[19131,19230,19147,19253,19217,19200,19180,19138,19165,19266,19247,19210,19161,19134,19175,19166,19239,19193,19135,19264,19140,19137,19209,19257,19244,19167]]
theta = [[1.449607,0.995116,-0.008457,0.000000,0.249296,0.000000,0.000000],[1.484477,0.995116,-0.008269,0.000000,0.092146,0.000000,0.000000]]
alpha = [1.299909,1.308979]
runtime = 9.290000
