seed = 3
ll = -971.717346
loss_zeroone = 0.362319
loss_symmetric = 0.340013
fscore = 0.437117
clusters = [[19133,19131,19230,19147,19253,19217,19200,19180,19138,19165,19266,19247,19210,19161,19134,19175,19166,19207,19132,19238,19265,19146,19214,19199,19216,19157,19223,19235,19174,19151,19222,19179,19192,19215,19171,19181,19160,19153,19185,19202,19163,19246,19183,19240,19206,19245,19187,19221,19224,19239,19193,19135,19159,19136,19196,19264,19139,19140,19137,19209,19257,19142,19169,19261,19250,19149,19182,19158,19167,19194,19232],[19130,19203,19133,19211,19205,19251,19201,19207,19132,19238,19213,19208,19265,19156,19255,19237,19214,19199,19188,19191,19162,19157,19176,19226,19235,19174,19190,19219,19151,19170,19222,19179,19197,19192,19215,19171,19160,19153,19185,19202,19183,19245,19221,19224,19142,19234,19184,19150,19173,19194,19259,19233,19212],[19133,19131,19230,19147,19253,19217,19200,19180,19165,19266,19247,19210,19161,19134,19175,19166,19207,19132,19238,19213,19265,19156,19237,19214,19199,19216,19188,19191,19157,19176,19226,19223,19186,19235,19174,19219,19151,19222,19179,19197,19171,19160,19202,19206,19245,19224,19239,19193,19135,19159,19137,19164,19143,19158,19228,19184,19152,19244,19154],[19130,19203,19211,19205,19131,19230,19147,19253,19217,19200,19180,19138,19165,19266,19247,19210,19161,19134,19175,19166,19207,19213,19265,19156,19255,19237,19199,19216,19191,19162,19223,19235,19190,19170,19197,19185,19246,19239,19193,19204,19264,19168,19140,19209,19257,19142,19169,19261,19252,19263,19231,19218,19143,19158,19228,19184,19152,19189,19148,19254,19244,19167,19154,19225,19195,19241,19267,19227],[19133,19207,19132,19238,19208,19265,19156,19146,19255,19237,19214,19199,19216,19191,19162,19157,19176,19226,19223,19186,19174,19190,19219,19151,19170,19222,19197,19192,19215,19181,19160,19202,19163,19246,19183,19240,19236,19187,19248,19204,19136,19196,19164,19228,19184,19194,19177,19155,19243,19241,19267],[19130,19203,19133,19205,19251,19201,19131,19230,19147,19253,19217,19200,19180,19138,19165,19266,19247,19210,19161,19134,19166,19188,19181,19153,19163,19240,19236,19187,19221,19239,19193,19135,19248,19204,19136,19196,19264,19168,19140,19137,19164,19209,19257,19252,19182,19263,19231,19144,19218,19189,19150,19148,19254,19173,19244,19167,19177,19155,19225,19262,19243,19259,19233,19212,19242,19195,19267,19227,19256,19258],[19207,19132,19238,19213,19208,19265,19156,19146,19255,19237,19199,19216,19188,19191,19162,19157,19176,19226,19186,19235,19174,19190,19219,19151,19170,19222,19179,19197,19153,19236,19206,19159,19139,19142,19169,19261,19250,19149,19263,19231,19144,19218,19228,19234,19184,19189,19148,19254,19177,19225,19232,19262,19243,19242,19195,19256,19258]]
theta = [[1.105786,0.000000,-0.012446,0.990548,0.033764,0.000000,0.000000],[1.176757,0.000000,0.039228,0.000000,0.172449,0.000000,0.990548],[1.058742,0.000000,-0.012409,0.000000,-0.052032,0.990548,0.000000],[0.937616,0.000000,-0.004798,0.990548,-0.028554,0.000000,0.000000],[1.001156,0.000000,-0.011187,0.000000,0.809885,0.000000,0.000000],[1.312077,0.000000,0.006658,0.990548,0.184935,0.000000,0.000000],[1.232784,0.000000,-0.013846,0.000000,0.187100,0.000000,0.000000]]
alpha = [0.954222,0.999914,0.928242,0.875473,0.837431,1.073352,1.029319]
runtime = 39.900002
