seed = 1
ll = -1883.189697
loss_zeroone = 0.239130
loss_symmetric = 0.378399
fscore = 0.441176
clusters = [[19133,19207,19132,19238,19213,19265,19156,19255,19237,19214,19199,19216,19191,19162,19157,19176,19226,19235,19174,19190,19219,19151,19170,19222,19179,19197,19160,19228,19184]]
theta = [[1.616043,0.997584,0.010486,0.000000,0.312647,0.000000,0.000000]]
alpha = [1.760212]
runtime = 3.160000
