seed = 0
ll = -1152.145752
loss_zeroone = 0.309783
loss_symmetric = 0.288772
fscore = 0.524730
clusters = [[19133,19207,19132,19238,19213,19208,19265,19156,19146,19255,19237,19214,19199,19216,19188,19191,19162,19157,19176,19226,19223,19186,19235,19174,19190,19219,19151,19170,19222,19179,19197,19192,19215,19171,19160,19153,19202,19183,19206,19245,19221,19224,19159,19142,19169,19261,19228,19184,19194],[19131,19230,19147,19253,19217,19200,19180,19138,19165,19266,19247,19210,19161,19134,19175,19166,19207,19132,19238,19213,19265,19156,19255,19237,19214,19199,19216,19191,19162,19157,19176,19226,19235,19174,19190,19219,19151,19170,19222,19197,19239,19193,19135,19139,19140,19137,19209,19257,19250,19149,19263,19231,19218,19228,19184,19152,19189,19148,19254,19167,19225,19195,19256,19258],[19130,19133,19251,19207,19238,19174,19151,19222,19179,19171,19181,19160,19185,19202,19163,19246,19183,19240,19236,19206,19245,19187,19248,19159,19204,19136,19196,19164,19263,19231,19144,19218,19189,19148,19254,19173,19177,19155,19225,19232,19262,19243,19259,19233,19212,19242,19195,19241,19267,19256,19258],[19130,19203,19133,19211,19205,19251,19201,19131,19230,19147,19253,19217,19200,19180,19138,19165,19266,19247,19210,19161,19134,19175,19166,19188,19181,19153,19163,19240,19236,19187,19221,19239,19193,19135,19136,19196,19264,19168,19140,19137,19164,19209,19257,19252,19182,19143,19158,19234,19150,19244,19167,19155,19154,19227]]
theta = [[1.758251,0.000000,-0.000026,0.985822,0.409819,0.000000,0.000000],[1.367685,0.000000,0.973761,0.000000,0.021250,0.000000,0.000000],[1.102030,0.000000,-0.024779,0.000000,0.342000,0.985822,0.000000],[1.489912,0.000000,0.997829,0.000000,0.060073,0.000000,0.000000]]
alpha = [1.246873,0.949672,0.869374,1.041104]
runtime = 22.730000
