seed = 1
ll = -5337.101074
loss_zeroone = 0.068182
loss_symmetric = 0.075938
fscore = 0.826462
clusters = [[1969,2197,2180,2017,2163,2035,2245,2254,1973,2020,2211,2235,2184,2010,2229,2230,2073,2194,2187,2031,2036,2250,2251,2203,2224,2108,2220,2166,2119,2185,2247,1989,2087,2140,1972,2128,2234,2060,2029,1994,2019,1982,2161,2226,2106,2193,2214,2040,2022,1987,2024,2071,2200,2008,2053,2149,2222,2225],[2031,2030,2195,1986,2206,1984,2198,2048,2123,2124,2113,2075,2182,2152,1978,2032,2138,2170,2246,2072,2216,2143,2055,2085,2209,2201,2002,2056,2171,2018,1983,2047,2049,2159,2242,2241,2125,2026,2012,2078,2097,1988,2228,2168,2146,2217,2052,2223,2094,2080,2083,2000,1998,2191,2129,2103,2139,2236,2011,2212,2015,2064,2249,2034]]
theta = [[1.359232,0.000000,0.046078,0.070043,0.070043,0.000000,0.092562,0.092562,-0.010887,-0.010887,0.155286,0.028380,0.028380,0.042842,0.029711,0.122633,0.030772,0.000000,0.000000,-0.019091,-0.019091,0.000000,0.000000,-0.019091,-0.019091,0.000000,0.000000,0.000000,0.000000,-0.019091,-0.019091,-0.013470,-0.013470,0.000000,0.000000,-0.019091,-0.019091,-0.007636,-0.007636,-0.006227,-0.047203,-0.036796,0.000000,0.000000,0.000000,0.004805,0.000000,0.112317,0.000000,0.006356,0.000000,0.135391,0.010734,0.010734,-0.030166,-0.030166,0.030676,0.000000,0.000000,0.000000,0.000000,0.000000,0.997801,0.000000,0.000000,0.000000,0.000000,0.000000,-0.010163,0.000000,0.132246,0.132246,0.000000,0.000000,0.000000,0.000000,0.000000,0.000000,0.000000,0.000000,0.000000,0.000000,0.000000,0.000000,0.000000,0.000000,0.000000,0.000000,-0.002622,-0.002622,0.000000,0.000000,0.000000,0.000000,0.033236,0.000000,0.000000,-0.027907,0.000000,0.000000,0.000000,0.000000,0.000000,0.000000,0.000000,0.000000,0.000000,0.000000,0.000000,0.000000,0.000000,0.000000,0.000000,-0.027323,0.009717,0.000000,0.000000,0.000000,-0.010163,0.000000,0.000000,0.000000,0.000000,0.000000,0.000000,-0.008706,-0.008706,-0.008137,-0.003566,-0.003214,0.012682,0.026534,0.017939,0.093396,0.093396],[1.247005,0.000000,0.112198,0.029420,0.029420,0.000000,-0.028201,-0.028201,-0.053900,-0.053900,0.062704,0.013008,0.013008,0.057258,-0.027836,0.072897,0.013219,0.000000,0.000000,-0.018322,-0.018322,0.000000,0.000000,-0.018322,-0.018322,0.000000,0.000000,0.000000,0.000000,-0.018322,-0.018322,-0.012807,-0.012807,0.000000,0.000000,-0.018322,-0.018322,-0.006973,-0.006973,0.062972,0.079553,0.019501,0.000000,0.000000,0.000000,0.004623,0.000000,-0.004772,0.000000,0.006183,0.000000,0.136615,-0.065945,-0.065945,0.027954,0.027954,-0.024203,0.000000,0.000000,0.000000,0.000000,0.000000,0.000000,0.000000,0.000000,0.000000,0.000000,0.000000,-0.023385,0.000000,0.103775,0.103775,0.000000,0.997801,0.000000,0.000000,0.000000,0.000000,0.000000,0.000000,0.000000,0.000000,0.000000,0.000000,0.000000,0.000000,0.000000,0.000000,-0.002442,-0.002442,0.000000,0.000000,0.000000,0.000000,-0.021648,0.000000,0.000000,0.000799,0.000000,0.000000,0.000000,0.000000,0.000000,0.000000,0.000000,0.000000,0.000000,0.000000,0.000000,0.000000,0.000000,0.000000,0.000000,0.004195,-0.038304,0.000000,0.000000,0.000000,-0.023385,0.000000,0.000000,0.000000,0.000000,0.000000,0.000000,0.010312,0.010312,-0.017751,-0.001014,-0.048795,-0.058558,-0.000336,-0.007424,0.067761,0.067761]]
alpha = [1.243572,1.177053]
runtime = 137.110001
