seed = 0
ll = -6614.320801
loss_zeroone = 0.034965
loss_symmetric = 0.083333
fscore = 0.909091
clusters = [[1969,2197,2180,2017,2163,2035,2245,2254,1973,2020,2211,2235,2184,2010,2230,2073,2194,2187,2031,2036,2251,2203,2224,2108,2220,2166,2119,2185,2247,1989,2087,2140,1972,2128,2234,2060,2029,1994,2019,1982,2161,2226,2106,2193,2214,2040,2022,2024,2200,2008]]
theta = [[1.408217,0.000000,-0.023355,0.054184,0.054184,0.000000,0.015051,0.015051,-0.000761,-0.000761,0.201894,-0.020308,-0.020308,0.130989,0.061644,0.099081,0.152955,0.000000,0.000000,-0.020660,-0.020660,0.000000,0.000000,-0.020660,-0.020660,0.000000,0.000000,0.000000,0.000000,-0.020660,-0.020660,-0.002552,-0.002552,0.000000,0.000000,-0.020660,-0.020660,0.053706,0.053706,-0.072785,-0.052647,-0.017713,0.000000,0.000000,0.000000,0.021278,0.000000,0.090797,0.000000,0.061125,0.000000,0.100798,-0.052967,-0.052967,-0.064525,-0.064525,0.039425,0.000000,0.000000,0.000000,0.000000,0.000000,0.000000,0.000000,0.000000,0.000000,0.000000,0.000000,-0.042497,0.000000,0.156015,0.156015,0.000000,0.000000,0.000000,0.000000,0.000000,0.000000,0.000000,0.000000,0.000000,0.000000,0.000000,0.000000,0.000000,0.000000,0.000000,0.000000,0.015889,0.015889,0.000000,0.000000,0.997556,0.000000,0.019753,0.000000,0.000000,-0.007034,0.000000,0.000000,0.000000,0.000000,0.000000,0.000000,0.000000,0.000000,0.000000,0.000000,0.000000,0.000000,0.000000,0.000000,0.000000,-0.062885,-0.042273,0.000000,0.000000,0.000000,-0.042497,0.000000,0.000000,0.000000,0.000000,0.000000,0.000000,-0.008489,-0.008489,-0.013575,-0.072304,-0.042474,-0.103567,0.037604,-0.003191,0.029955,0.029955]]
alpha = [2.008569]
runtime = 59.590000
