seed = 0
ll = -3205.693604
loss_zeroone = 0.246169
loss_symmetric = 0.175454
fscore = 0.554808
clusters = [[19930,19843,20021,19792,19991,19860,19828,19829,19886,19847,19837,19801,20039,19978,19965,19867,19854,19794,20049,20005,20029,19914,19981,19849,19946,19927,19937,19857,19980,19882,19970,19862,20042,20041,19925,19802,19858,19966,19956,19951,19817,19811,19957,19815,19876,19819,19823,19814,19950,20018,19844,19982,19996,20008,19955,19874,19915,20001,19853,19831,19842,19870,19933,19971,19900,19986,19921,19848,19911,19998,20048,19871,19943,19940,19892,19869,19993,19942],[19790,19958,19838,19919,19977,20000,19843,20021,19791,19792,19991,19828,19829,19886,19847,19837,19801,20039,19978,19965,19867,19854,19981,19849,19946,20036,19932,19798,19994,19980,19825,19954,20033,19808,20038,19974,19816,19949,19941,19910,19952,19824,19962,20040,19997,19920,19935,19845,19905,19872,19929,19888,19953,19902,19832,19906,19836,19799,19882,19897,19926,20041,19925,19858,19966,19956,20020,19807,19827,19890,19969,19818,19876,19881,20028,19813,19979,20032,19996,19938,20012,19821,19933,19880,20037,19916,19830,20026,19913,20004,19866,20010,19904,19851,19893,20048,19934,19868,19861,20013,19891,19912,19988,19887,19984,19976,19877],[19789,19931,19930,19790,19958,19838,19919,19977,20000,19843,19991,19860,19828,19829,19886,19847,19837,19801,20039,19965,19867,19793,19803,19846,19878,19963,20046,19800,19805,19835,19794,20049,19797,19810,20005,19914,19981,19849,19946,19927,19937,19796,19795,19975,20015,19804,19907,19922,19924,19936,19909,19945,19884,19987,20003,19895,19809,20024,20031,19990,19967,19822,19875,19939,19885,19897,19926,19970,19862,20042,20006,19951,19817,19908,19812,19957,19917,19983,20011,19850,19855,19826,19814,19950,20018,19844,20032,19982,19960,19863,20008,20012,20014,20023,19883,19834,20022,19833,19880,19986,19944,19856,19839,20007,19964,20035,20010,20017,20034,19901,19947,19873,19928,19973,19891,20045,19918,20043,19898,19999,20044],[19931,19930,19793,19803,19846,19878,19963,20046,19800,19805,19797,19810,19922,19924,19936,19909,19932,19798,19945,19884,19994,19980,19825,19954,20033,19808,20038,19974,19816,19949,19941,19910,19952,19824,19962,20040,19997,19920,19935,19845,19905,19872,19929,19959,19948,19888,19923,19865,19953,19902,19832,19906,19987,20003,19841,19989,19895,19809,19836,20024,20031,19990,19967,19822,19875,19939,19885,20047,19908,19917,19983,20011,19850,19806,19855,20027,19969,19813,19979,19961,20014,20023,19883,19870,19894,19972,19896,19856,19913,19879,19899,20009,19864,20019,19995]]
theta = [[1.440302,-0.037542,-0.044545,-0.033159,-0.033159,0.994282,0.008593,0.008593,-0.027487,0.083756,0.083756,0.014158,0.014158,0.060051,0.034421,0.034421,0.000000,0.000000,0.000000,0.259760,0.000000,-0.072343,-0.072343,0.000000,0.064937,0.064937],[1.205389,-0.032824,0.025084,0.905212,-0.083587,0.000000,0.007912,0.007912,-0.000916,0.052338,0.052338,-0.002721,-0.002721,0.082554,0.007114,0.007114,0.000000,0.000000,0.000000,0.187202,0.000000,0.099898,0.099898,0.000000,-0.015910,-0.015910],[1.119167,-0.043270,-0.020700,0.060385,0.060385,0.000000,0.065745,0.065745,0.048505,0.114353,0.114353,0.000018,0.000018,-0.006215,0.081425,0.081425,0.000000,0.000000,0.000000,0.098904,0.000000,-0.068503,0.920061,0.000000,0.064156,0.064156],[1.324113,0.940298,0.149121,0.007993,0.007993,0.000000,0.020477,0.020477,0.143961,0.022577,0.022577,-0.000814,-0.000814,0.056176,0.010564,0.010564,0.000000,0.000000,0.000000,0.119707,0.000000,0.201728,0.201728,0.000000,0.116681,0.116681]]
alpha = [1.295105,1.065436,1.014240,1.146518]
runtime = 353.049988
