seed = 0
ll = -5023.845703
loss_zeroone = 0.065134
loss_symmetric = 0.155892
fscore = 0.690909
clusters = [[19843,19792,19991,19860,19828,19829,19886,19847,19837,19801,20039,19978,19965,19867,19794,20049,19914,19981,19849,19946,19927,19882,19970,20041,19925,19858,19956,19951,20018]]
theta = [[1.642766,-0.011230,0.039170,0.068374,0.068374,0.998534,-0.031942,-0.031942,0.048302,0.022688,0.022688,0.044196,0.044196,0.082651,0.070551,0.070551,0.000000,0.000000,0.000000,0.267103,0.000000,0.057660,0.057660,0.000000,0.044341,0.044341]]
alpha = [1.758547]
runtime = 26.940001
