seed = 1
ll = -3651.768311
loss_zeroone = 0.164751
loss_symmetric = 0.149306
fscore = 0.694928
clusters = [[19843,20021,19792,19991,19860,19828,19829,19886,19847,19837,19801,20039,19978,19965,19867,19854,19794,20049,20005,20029,19914,19981,19849,19946,19927,19937,19882,19897,19926,19970,19862,20042,20041,19925,19858,19966,19956,19951,19817,19811,19957,19815,19876,19950,20018,19844,20032,19982,19996,20008,20012,19933,19971,19900,19986,19866,20048,19993],[19931,19930,19843,19792,19991,19860,19828,19829,19886,19847,19837,19801,20039,19978,19965,19867,19793,19803,19846,19878,19963,20046,19800,19805,20049,19797,19810,19981,19849,19946,19922,19924,19936,19909,19798,19945,19884,19994,19980,19825,19954,20033,19974,19816,19949,19941,19910,19952,19824,19962,20040,19997,19920,19935,19845,19905,19872,19929,19948,19888,19953,19902,19832,19906,19987,20003,19841,19989,19895,19809,19836,20024,20031,19990,19967,19822,19875,19939,19885,19882,19925,19858,19956,20020,19908,19917,19983,20011,19850,19855,19814,20014,20023,19883,19833,19944,19894,19972,19856,19879,20010,20034,19891,20045,19995,20044],[19790,19958,19838,19919,19977,20000,19843,20021,19932,19798,19994,19980,19825,19954,20033,19808,20038,19974,19816,19949,19941,19910,19952,19824,19962,20040,19997,19920,19935,19845,19905,19872,19929,19959,19888,19923,19865,19953,19902,19832,19906,19836,19926,20047,19827,19806,20027,19969,19818,19876,19881,20028,19823,19813,19979,19961,19960,19955,19874,19915,20001,19853,19831,19842,19834,20022,19870,19921,19913,20007,19964,19899,20009,20035,19998,19871,19943,19892,19864,20019,19912]]
theta = [[1.423926,-0.021597,0.029813,0.016149,0.016149,0.000000,-0.057689,-0.057689,0.002875,0.028846,0.028846,-0.001822,-0.001822,0.071181,0.064452,0.064452,0.000000,0.000000,0.000000,0.318568,0.000000,0.958422,-0.036161,0.000000,0.115593,0.115593],[1.142759,-0.014640,-0.008522,0.039636,0.039636,0.000000,0.059676,0.059676,0.068188,0.053167,0.053167,0.023988,0.023988,0.032225,0.916423,-0.077720,0.000000,0.000000,0.000000,0.016663,0.000000,-0.033265,-0.033265,0.000000,0.022828,0.022828],[1.203157,0.957721,0.047161,0.015901,0.015901,0.000000,-0.054536,-0.054536,0.059951,-0.049000,-0.049000,0.025726,0.025726,0.018006,-0.021140,-0.021140,0.000000,0.000000,0.000000,0.133637,0.000000,0.216139,0.216139,0.000000,0.047960,0.047960]]
alpha = [1.312906,1.097631,1.173401]
runtime = 1023.141785
