seed = 3
ll = -968.911133
loss_zeroone = 0.382263
loss_symmetric = 0.422564
fscore = 0.464540
clusters = [[2257,2275,2319,2291,2310,2265,2285,2323,2343,2361,2262,2272,2282,2345,2327,2322,2309,2290,2350,2336,2353,2364,2303,2339,2293,2332,2355,2261,2313,2264,2315,2281,2297,2286,2363,2277,2316,2337,2359,2295,2341,2326,2258,2263,2270,2300,2335,2292,2340,2294,2284,2329,2259,2330,2317,2278,2302,2268,2357,2325,2331,2298,2334,2358,2311,2305,2306,2348,2288,2344,2347,2296,2349,2279,2314,2276],[2257,2352,2275,2319,2291,2310,2265,2285,2323,2343,2361,2262,2272,2282,2345,2327,2322,2309,2290,2350,2336,2353,2364,2303,2339,2293,2332,2355,2261,2313,2264,2315,2281,2297,2286,2363,2277,2316,2337,2359,2295,2341,2356,2280,2306,2304,2301,2288,2273,2320],[2321,2326,2258,2263,2270,2300,2335,2269,2292,2340,2294,2284,2329,2259,2330,2317,2278,2302,2268,2357,2325,2331,2298,2356,2334,2358,2311,2305,2271,2346,2348,2328,2338,2324,2312,2266,2289,2360,2333,2342,2351],[2257,2352,2275,2319,2291,2310,2265,2285,2323,2343,2361,2262,2282,2345,2327,2322,2290,2336,2303,2339,2293,2332,2355,2261,2313,2264,2315,2281,2286,2363,2277,2316,2337,2359,2295,2341,2321,2269,2330,2278,2271,2280,2346,2328,2304,2338,2274,2324,2312,2301,2288,2266,2344,2289,2360,2333,2342,2349,2314,2362,2354,2299,2318]]
theta = [[1.255925,0.000000,-0.086997,0.705534,-0.269300,0.000000,0.057522,0.057522,-0.031402,0.055797,0.055797,0.094219,0.096815,0.096815,-0.052342,0.048514,0.048514,0.000000,0.000000,0.000000,0.164587,-0.026167,0.001999,-0.029424,-0.029424,0.029467,0.029467,0.118781,0.118781],[1.363567,0.000000,0.151142,0.231027,0.231027,0.000000,0.170933,0.170933,0.052327,0.131940,0.131940,-0.006765,0.023848,0.023848,0.046752,0.026943,0.026943,0.000000,0.000000,0.000000,0.114070,0.038609,0.084854,0.049297,0.049297,0.137817,0.137817,-0.098485,0.876349],[1.350131,0.000000,0.056221,0.921968,-0.057748,0.000000,0.168083,0.168083,-0.065700,0.195426,0.195426,0.320210,0.116570,0.116570,0.002481,0.246339,0.246339,0.000000,0.000000,0.000000,0.072709,0.067712,0.003196,0.103091,0.103091,0.044517,0.044517,0.230928,0.230928],[0.909770,0.000000,-0.000066,0.068514,0.068514,0.000000,0.105737,0.105737,0.080037,-0.031578,-0.031578,0.116620,-0.144058,0.830776,0.037274,0.013198,0.013198,0.000000,0.000000,0.000000,-0.109561,0.042343,0.145491,0.041729,0.041729,0.061653,0.061653,0.003316,0.003316]]
alpha = [0.925052,0.983632,1.143847,0.801714]
runtime = 6.660000
