seed = 0
ll = -1852.747070
loss_zeroone = 0.440367
loss_symmetric = 0.378696
fscore = 0.588235
clusters = [[2257,2352,2275,2319,2291,2310,2265,2285,2323,2343,2361,2262,2272,2282,2345,2327,2322,2309,2290,2350,2336,2364,2303,2339,2293,2332,2355,2261,2313,2264,2315,2281,2297,2286,2363,2277,2316,2337,2359,2295,2341,2306,2288]]
theta = [[1.278098,0.000000,0.021424,-0.040741,-0.040741,0.000000,0.079454,0.079454,0.227615,0.341960,0.341960,0.001095,0.022116,0.022116,0.025405,-0.063188,-0.063188,0.000000,0.000000,0.991584,-0.004760,-0.051585,-0.039636,-0.007405,-0.007405,0.003076,0.003076,0.066029,0.066029]]
alpha = [1.576047]
runtime = 1.520000
