seed = 2
ll = -897.759277
loss_zeroone = 0.373089
loss_symmetric = 0.333330
fscore = 0.510409
clusters = [[2257,2352,2275,2319,2291,2310,2265,2285,2323,2343,2361,2262,2272,2282,2345,2327,2322,2309,2290,2350,2336,2353,2364,2303,2339,2293,2332,2355,2261,2313,2264,2315,2281,2297,2286,2363,2277,2316,2337,2359,2295,2341,2280,2306,2304,2288,2349],[2257,2275,2319,2291,2310,2265,2285,2323,2343,2361,2272,2282,2345,2327,2322,2290,2336,2364,2303,2339,2293,2332,2355,2261,2313,2264,2315,2281,2286,2363,2277,2316,2337,2359,2295,2341,2326,2258,2263,2270,2300,2335,2292,2340,2294,2284,2329,2259,2330,2317,2278,2302,2268,2325,2331,2298,2334,2358,2311,2305,2348,2301,2288,2344,2314],[2257,2352,2275,2319,2291,2310,2265,2285,2323,2343,2361,2262,2272,2282,2345,2322,2309,2290,2350,2336,2353,2364,2303,2293,2332,2355,2261,2313,2264,2315,2281,2297,2286,2363,2277,2337,2295,2341,2321,2269,2330,2278,2271,2280,2306,2346,2328,2304,2338,2324,2312,2301,2266,2344,2347,2296,2273,2289,2360,2333,2342,2279,2314,2320,2276,2362,2354,2351,2299,2318],[2321,2326,2258,2263,2270,2300,2335,2269,2292,2340,2294,2284,2329,2259,2330,2317,2278,2302,2268,2357,2325,2331,2298,2356,2334,2358,2311,2305,2271,2346,2348,2328,2338,2274,2324,2312,2266,2289,2360,2333,2342,2351],[2257,2352,2275,2291,2265,2323,2343,2361,2262,2327,2322,2309,2290,2350,2336,2303,2339,2293,2355,2313,2315,2281,2297,2286,2316,2359,2326,2258,2263,2270,2300,2335,2292,2340,2294,2284,2259,2330,2317,2278,2302,2268,2357,2325,2331,2356,2334,2358,2311,2305,2306,2348,2301,2288,2344,2347,2296,2273,2349,2279,2320,2276]]
theta = [[1.559098,0.000000,0.120655,-0.246420,0.724374,0.000000,0.328822,0.328822,-0.008136,0.394436,0.394436,0.042127,0.037181,0.037181,0.059184,0.044917,0.044917,0.000000,0.000000,0.000000,0.032519,0.108287,0.115393,0.040232,0.040232,0.077060,0.077060,0.125008,0.125008],[1.078013,0.000000,0.013761,0.072950,0.072950,0.984851,-0.040603,-0.040603,-0.048196,0.124911,0.124911,0.197419,-0.016590,-0.016590,-0.042732,0.048007,0.048007,0.000000,0.000000,0.000000,-0.024432,0.006000,0.092786,0.003949,0.003949,0.070690,0.070690,0.096417,0.096417],[1.024358,0.984851,-0.021757,0.022384,0.022384,0.000000,0.026075,0.026075,0.002518,-0.125687,-0.125687,0.026857,0.061916,0.061916,-0.017528,0.062090,0.062090,0.000000,0.000000,0.000000,0.013685,0.019755,-0.004205,0.079194,0.079194,0.091752,0.091752,0.063228,0.063228],[1.257092,0.000000,0.104546,0.339004,0.339004,0.000000,0.237067,0.237067,0.032521,0.829588,-0.140196,0.316328,0.090002,0.090002,0.020997,0.267034,0.267034,0.000000,0.000000,0.000000,0.220611,0.069082,0.029403,0.112017,0.112017,0.118390,0.118390,0.142104,0.142104],[0.843583,0.000000,-0.081428,0.077484,0.077484,0.000000,0.067734,0.067734,0.069390,-0.002486,-0.002486,0.016274,0.015274,0.015274,0.087046,0.007040,0.007040,0.000000,0.000000,0.000000,0.160387,-0.132003,-0.131641,-0.009542,-0.009542,-0.061206,-0.061206,0.125369,0.125369]]
alpha = [0.957121,0.754610,0.836908,0.944736,0.822573]
runtime = 10.850000
