seed = 2
ll = -1354.497314
loss_zeroone = 0.371560
loss_symmetric = 0.382907
fscore = 0.533036
clusters = [[2257,2352,2275,2319,2291,2310,2265,2285,2323,2343,2361,2262,2272,2282,2345,2327,2322,2309,2290,2350,2336,2353,2364,2303,2339,2293,2332,2355,2261,2313,2264,2315,2281,2297,2286,2363,2277,2316,2337,2359,2295,2341,2306,2288],[2326,2258,2263,2270,2300,2335,2292,2340,2294,2284,2329,2259,2330,2317,2278,2302,2268,2357,2325,2331,2298,2334,2358,2311,2305,2348]]
theta = [[1.436405,0.000000,0.136751,-0.238050,0.751934,0.000000,0.034946,0.034946,0.082187,0.288698,0.288698,0.113602,-0.050214,-0.050214,0.063373,-0.097039,-0.097039,0.000000,0.000000,0.000000,0.003108,0.046449,0.052144,0.070656,0.070656,0.084643,0.084643,0.124449,0.124449],[1.160751,0.000000,-0.010591,0.157903,0.157903,0.994950,0.273297,0.273297,0.113244,0.080069,0.080069,0.107389,0.048153,0.048153,0.121446,0.259972,0.259972,0.000000,0.000000,0.000000,0.225879,-0.002904,-0.019347,0.016145,0.016145,-0.042753,-0.042753,0.197747,0.197747]]
alpha = [0.703629,0.858557]
runtime = 2.880000
