seed = 1
ll = -1935.648071
loss_zeroone = 0.280173
loss_symmetric = 0.160818
fscore = 0.465977
clusters = [[22651,22738,22652,22798,22806,22800,22668,22704,22780,22815,22708,22801,22673,22692,22754,22767,22671,22676,22672,22698,22709,22700,22772,22726,22768,22655,22792,22818,22782,22761,22736,22790,22733,22686,22797,22804,22674,22732,11081,22764,22695,22763,22718,22742,22756,22693,22719,22654,22745,22758,22685,22658,22813,22787,22681,22716,22730,22690,22687],[22651,22652,22798,22806,22800,22668,22780,22708,22788,22801,22673,22692,22754,22767,22676,22698,22709,22700,22726,22768,22792,22818,22782,22761,22733,22686,22804,22674,22732,11081,22764,22695,22763,22718,22742,22756,22693,22653,22719,22765,22694,22755,22717,22778,22660,22689,22811,22791,22654,22703,22691,22758,22657,22714,22659,22685,22688,22711,22794,22751,22710,22729,22779,22740,22682,22705,22664,22734,22662,22752,22666,22724,22679,22669,22773,22822,22670,22713,22816,22770,22697,22707,22823,22747,22786,22814,22735],[22651,22738,22652,22798,22806,22800,22668,22780,22815,22708,22788,22801,22673,22754,22767,22671,22676,22672,22698,22709,22700,22772,22655,22792,22818,22782,22761,22736,22790,22733,22686,22797,22674,22764,22695,22718,22742,22693,22719,22765,22694,22728,22751,22821,22663,22776,22669,22681,22730,22796,22737,22678,22683,22822,22690,22713,22677,22816,22701,22784,22774,22760,22777,22805,22721,22707,22823,22759,22727,22795,22809,22771,22808,22743,22775],[22653,22755,22717,22778,22660,22689,22811,22728,22791,22703,22802,22720,22665,22712,22656,22725,22799,22731,22657,22744,22793,22762,22789,22675,22699,22688,22711,22794,22751,22821,22710,22729,22682,22705,22667,22750,22820,22696,22716,22722,22785,22702,22810,22783,22739,22741,22766,22684,22706,22723,22701,22784,22774,22746,22819,22715,22760,22721,22759,22727,22795,22817,22775]]
theta = [[1.204886,-0.037254,-0.009701,0.106208,0.106208,0.000000,-0.007574,-0.007574,0.070782,0.007155,0.007155,0.046494,0.119503,-0.101894,0.103206,0.103206,-0.111062,-0.111062,0.194355,0.159042,-0.033889,-0.033889,0.000000,0.000000,0.157682,0.093648,0.093648,-0.045641,-0.045641,-0.061547,-0.061547,0.990094,0.000000,0.000000,0.123532,0.000000,0.000000,-0.008652,0.096055,0.096055,0.000000,0.000000,0.000000,0.000000,0.000000,0.003117,0.259340,0.259340,0.082726,0.082726],[0.960931,-0.028486,0.033671,0.036167,0.036167,0.000000,0.056030,0.056030,0.096691,0.036218,0.036218,-0.016876,0.019975,0.069463,0.092681,0.092681,-0.028503,-0.028503,0.204196,0.173584,0.036092,0.036092,0.000000,0.000000,0.084904,0.009952,0.009952,-0.033242,0.946974,-0.070475,-0.070475,0.000000,0.000000,0.000000,-0.007191,0.000000,0.000000,0.043834,0.016190,0.016190,0.000000,0.000000,0.000000,0.000000,0.000000,-0.066081,-0.072388,-0.072388,0.062700,0.062700],[0.910437,0.002174,0.014952,0.097789,0.097789,0.000000,-0.006523,-0.006523,-0.002215,0.006268,0.006268,-0.035487,-0.003393,-0.006640,0.080962,0.080962,-0.028545,-0.028545,0.252688,0.222199,0.036906,0.036906,0.000000,0.000000,0.025763,0.042063,0.042063,0.036207,0.036207,-0.004188,-0.004188,0.000000,0.000000,0.000000,0.074191,0.000000,0.000000,0.974648,-0.005425,-0.005425,0.000000,0.000000,0.000000,0.000000,0.000000,-0.065403,-0.024670,-0.024670,0.066364,0.066364],[1.371261,-0.063115,0.059998,-0.022020,-0.022020,0.000000,0.922403,-0.057812,0.067022,0.023780,0.023780,0.106041,-0.000630,0.103051,0.008040,0.008040,0.102711,0.102711,-0.015736,0.000788,0.045034,0.045034,0.000000,0.000000,0.106279,0.055535,0.055535,0.041107,0.041107,0.075341,0.075341,0.000000,0.000000,0.000000,0.121564,0.000000,0.000000,0.033930,-0.062480,-0.062480,0.000000,0.000000,0.000000,0.000000,0.000000,-0.003524,0.138468,0.138468,-0.020522,-0.020522]]
alpha = [1.244312,1.028826,1.006025,1.191491]
runtime = 83.910004
