seed = 3
ll = -2481.215820
loss_zeroone = 0.172414
loss_symmetric = 0.288988
fscore = 0.458859
clusters = [[22651,22738,22652,22798,22806,22800,22668,22704,22780,22708,22801,22673,22692,22754,22767,22676,22672,22698,22709,22700,22726,22655,22792,22818,22782,22761,22736,22790,22733,22686,22797,22804,22674,22764,22695,22763,22718,22742,22693,22719,22694,22654,22745,22787,22730,22690],[22651,22652,22798,22806,22800,22668,22780,22815,22708,22801,22673,22754,22767,22671,22676,22698,22709,22700,22772,22768,22792,22818,22782,22761,22733,22686,22674,22732,11081,22695,22718,22742,22756,22719,22765,22758,22685,22658,22681]]
theta = [[1.162914,-0.091434,-0.069415,-0.043360,-0.043360,0.000000,0.935436,-0.056802,0.056764,-0.071898,-0.071898,-0.118488,-0.062620,-0.011561,0.096305,0.096305,-0.070490,-0.070490,0.054047,0.028457,-0.012615,-0.012615,0.000000,0.000000,0.049624,0.110057,0.110057,-0.009778,-0.009778,-0.007233,-0.007233,0.000000,0.000000,0.000000,0.095775,0.000000,0.000000,0.015351,0.009571,0.009571,0.000000,0.000000,0.000000,0.000000,0.000000,-0.030266,0.146652,0.146652,0.051304,0.051304],[1.189542,-0.091955,-0.065406,-0.043638,-0.043638,0.996037,-0.057059,-0.057059,0.024324,-0.017289,-0.017289,-0.000417,-0.002091,0.019507,0.096142,0.096142,-0.070786,-0.070786,0.053930,0.028273,-0.057408,-0.057408,0.000000,0.000000,0.046111,0.036626,0.036626,0.020405,0.020405,-0.015276,-0.015276,0.000000,0.000000,0.000000,0.062380,0.000000,0.000000,0.015360,-0.012241,-0.012241,0.000000,0.000000,0.000000,0.000000,0.000000,0.015430,0.128176,0.128176,0.051291,0.051291]]
alpha = [1.334484,1.370482]
runtime = 21.840000
