seed = 3
ll = -2185.433105
loss_zeroone = 0.147510
loss_symmetric = 0.115175
fscore = 0.639521
clusters = [[22651,22738,22652,22798,22806,22800,22668,22704,22780,22815,22708,22801,22673,22692,22754,22767,22671,22676,22698,22709,22700,22772,22726,22768,22655,22792,22818,22782,22761,22736,22790,22733,22686,22797,22804,22674,11081,22764,22695,22763,22718,22742,22693,22719,22765,22694,22745,22758,22685,22787,22669,22681,22716,22730,22690],[22651,22652,22798,22806,22800,22668,22780,22708,22788,22801,22673,22692,22754,22767,22676,22672,22698,22709,22700,22792,22818,22782,22761,22733,22686,22674,22732,11081,22764,22695,22718,22742,22756,22693,22719,22654,22802,22720,22665,22712,22656,22725,22799,22731,22744,22793,22762,22789,22658,22820,22813,22713,22816,22819,22715,22707,22823,22747],[22653,22755,22717,22778,22660,22689,22811,22728,22791,22703,22691,22657,22688,22711,22794,22751,22821,22710,22729,22682,22705,22702,22810,22783,22739,22741,22766,22684,22677,22701,22784,22774,22760,22721,22759,22727,22795,22775]]
theta = [[1.206762,-0.059258,-0.099936,0.006426,0.006426,0.000000,0.946226,-0.044559,0.050079,0.020895,0.020895,-0.003743,0.016512,0.003550,0.084457,0.084457,-0.048388,-0.048388,0.091755,0.078437,0.020498,0.020498,0.000000,0.000000,0.101646,0.092920,0.092920,-0.017091,-0.017091,0.012504,0.012504,0.000000,0.000000,0.000000,0.163901,0.000000,0.000000,0.022233,0.096592,0.096592,0.000000,0.000000,0.000000,0.000000,0.000000,-0.008778,0.209688,0.209688,0.049652,0.049652],[1.084325,-0.057473,-0.043883,0.006175,0.006175,0.995377,-0.043081,-0.043081,0.101826,0.053552,0.053552,-0.025710,-0.026583,0.035805,0.018172,0.018172,-0.046803,-0.046803,0.073669,0.060712,-0.001761,-0.001761,0.000000,0.000000,-0.006388,0.019328,0.019328,0.009041,0.009041,0.007799,0.007799,0.000000,0.000000,0.000000,0.038159,0.000000,0.000000,0.021603,-0.026682,-0.026682,0.000000,0.000000,0.000000,0.000000,0.000000,-0.011909,0.008968,0.008968,0.048159,0.048159],[1.085885,-0.043642,0.011852,0.022444,0.022444,0.000000,0.031864,0.031864,-0.000027,-0.038170,-0.038170,0.035878,0.064241,0.005095,0.059893,0.059893,0.011365,0.011365,0.064355,0.053163,0.055414,0.055414,0.000000,0.000000,0.799821,0.016083,0.016083,0.013278,0.013278,0.024867,0.024867,0.000000,0.000000,0.000000,0.109090,0.000000,0.000000,0.029303,-0.060702,-0.060702,0.000000,0.000000,0.000000,0.000000,0.000000,-0.018466,0.097179,0.097179,0.009035,0.009035]]
alpha = [1.166878,1.093532,0.956335]
runtime = 158.893463
