seed = 2
ll = -5546.104980
loss_zeroone = 0.163866
loss_symmetric = 0.285809
fscore = 0.480000
clusters = [[22979,23041,22827,22833,22942,22948,22932,22934,23044,23038,22873,22898,23053,22993,22911,23050,22908,22921,22900,22876,22963,22964,22832,23022,23059,22845,22947,22982,22929,23055,23008,22959,23052,23031,23011,22897,22901,22863,23032,22846,22937,23026]]
theta = [[1.551241,-0.104591,0.026721,0.000000,0.000000,0.057969,0.157247,-0.018892,0.000000,-0.017398,-0.017398,0.000000,0.000000,0.000000,0.000000,0.997371,0.002569,-0.051005,-0.051005,-0.003238,-0.003238,-0.041348,-0.090177,-0.090177,0.124586,0.124586,0.056211,-0.016436,-0.033552,-0.117549,0.000000,0.001616,0.001616]]
alpha = [1.887821]
runtime = 25.930000
