seed = 1
ll = -4434.381836
loss_zeroone = 0.305322
loss_symmetric = 0.218204
fscore = 0.290168
clusters = [[22979,22881,22859,23041,22827,22833,22930,22942,22948,22932,22934,23044,23038,22873,22898,23053,22993,22911,23050,22908,22921,22915,22900,22876,22963,22964,22832,23022,23059,22845,22947,22982,22929,23055,23008,22959,23052,23031,22943,23011,23028,22897,22901,22863,23032,22846,22937,23026,23004,22971],[22825,22858,22909,23042,22893,22962,23039,22887,23014,22998,22870,23003,22935,22826,23057,22922,23020,22972,22881,22859,23023,22872,22831,22970,22840,22956,22895,22862,22918,22830,22877,23037,22912,22960,22868,22938,22903,22941,22884,22857,22996,23007,22973,22854,23045,22946,22836,23005,22885,22928,22988,22838,22916,22910,22850,22851,22894,22994,22839,22923,22983,23015,22891,22892,22919,23040,22952,22927,23056,22875,23048,22961,22958,22902,22945,22925,22843,23013,22883,22977,23018,23062,22987,22939,23030,22999,22866,22905,22965,23012,22882,23029,22874,22889],[22825,23051,22858,22909,23042,22893,22962,23039,22979,22887,23014,22998,22870,23003,22935,23057,22972,22888,23023,22835,22886,23041,23006,22942,22948,22934,23044,23038,22873,22898,23053,22993,22911,22908,22921,22829,22914,22970,22931,22949,22861,22969,22913,22918,22941,22900,22876,22963,22964,23022,23059,22845,22982,22929,23055,22990,22951,22853,23008,22959,23031,22966,23005,22847,22842,23035,22997,23043,22844,22940,22955,23000,22879,22981,22975,22936,22899,23013,22967,22855,22863,23058,23010,22920,22846,23047,22937,22954,22926,22906,22849,22995,23027,22985,22939,22999,22866,22991,23054,22968,22867,23019]]
theta = [[1.476555,-0.034457,0.042659,0.000000,0.000000,0.094226,0.212150,0.019329,0.000000,0.063081,0.063081,0.000000,0.000000,0.000000,0.000000,0.000000,-0.045956,0.064540,0.064540,-0.008188,-0.008188,-0.015292,-0.038985,-0.038985,0.171307,0.171307,0.092094,0.032099,-0.024984,0.068569,0.000000,-0.323831,0.669125],[1.150359,-0.155572,0.002531,0.000000,0.000000,0.032347,0.132078,0.005382,0.000000,-0.041539,-0.041539,0.000000,0.000000,0.000000,0.996471,0.000000,-0.012395,0.015369,0.015369,0.040649,0.040649,0.084854,-0.000309,-0.000309,0.015437,0.015437,0.040280,-0.013105,0.015680,0.001765,0.000000,-0.017582,-0.017582],[1.026832,0.054687,0.003929,0.000000,0.000000,0.019874,0.000586,0.007592,0.000000,0.072951,0.072951,0.000000,0.000000,0.000000,0.000000,0.000000,0.950146,0.041791,0.041791,0.008025,0.008025,0.026821,-0.029929,-0.029929,-0.035398,-0.035398,0.061217,-0.065742,-0.061523,0.009689,0.000000,-0.000019,-0.000019]]
alpha = [1.154772,1.139410,1.018301]
runtime = 788.044434
