seed = 0
ll = -3760.000488
loss_zeroone = 0.350840
loss_symmetric = 0.193229
fscore = 0.276402
clusters = [[22825,23051,22858,22909,23042,22893,22962,23039,22979,22887,23014,22998,22870,23003,22935,23057,22972,23023,23041,22827,22833,22930,23006,22942,22948,22932,22934,23044,23038,22873,22898,23053,22993,22911,23050,22908,22828,22921,22915,22914,23036,22970,22918,22900,22876,22963,22964,22832,23022,23059,22845,22947,22982,22929,23055,23008,22959,23052,23031,23005,23013,22943,22967,23011,23028,22897,22901,22855,22863,23032,22846,23047,22937,22852,22953,22989,22880,22976,23026,22939,23030,23004,22999,22866,22944,22971,23024,23019],[23051,22979,22922,23020,22881,22859,22888,23041,22942,22948,22934,23038,22873,22898,23053,22993,22911,22908,22907,22921,22876,22963,22964,23059,22845,22929,23055,23008,22959,23052,23031,22885,22928,22988,22838,22910,22894,22994,22839,22923,22983,23015,22891,22892,22842,23035,22997,22927,23056,22875,23048,22958,22844,22940,22955,22864,23000,22879,22981,22975,22936,22899,23011,22897,22901,22863,23032,23058,23010,22920,23047,22937,22926,22924,22849,22987,22890,22971,22991,23054,22968,23017,22917],[22825,22858,22909,23042,22893,22962,23039,22887,23014,22998,22870,23003,22935,22826,23057,22922,23020,22856,22972,22881,22859,23023,22835,22886,22872,22831,23060,22829,22837,22970,22931,22949,22860,22861,22974,22969,22840,22956,22895,22862,22913,22918,22830,22877,22912,22960,22868,22938,22903,22941,22884,22857,22996,23007,22973,22990,22951,22853,22854,23045,22946,22836,22966,22992,23005,22885,22928,22988,22838,22916,22910,22850,22851,22894,22994,22839,22923,22983,23015,22891,22892,22919,23040,22847,22952,22927,23056,22875,23048,22961,22958,22902,22945,22925,23046,23043,22843,23013,23025,22906,22883,22977,22984,23018,23002,23027,23062,22987,22985,22939,23030,22999,22866,22905,22965,22867,23012,22871,22882,23029,22874,22889,22950,23033],[22979,22888,22872,22831,23041,22827,22833,22942,22948,22932,22934,23044,23038,22873,22898,23053,22993,22911,23050,22908,22921,22840,22956,22895,22862,22830,22877,23037,22912,22960,22868,22938,22903,22941,22884,22900,22876,22963,22857,22996,22832,23007,23022,23059,22845,22947,22982,23055,22834,22959,23031,22854,23045,22836,22869,22916,22850,22851,22919,23040,22842,23035,22997,22961,22902,22945,22844,22940,22955,23000,22879,22981,22975,22936,22899,22943,23028,23058,23010,22920,22846,22954,22926,23021,22906,23026,22849,22995,22865,22957,22878,23016,22991,23054,22968,22978,23001,23061,23009]]
theta = [[1.492214,0.000001,0.136817,0.000000,0.000000,0.091495,0.209654,-0.015794,0.000000,-0.503286,0.480843,0.000000,0.000000,0.000000,0.000000,0.000000,-0.046885,-0.034765,-0.034765,0.072154,0.072154,0.062591,-0.041356,-0.041356,0.238878,0.238878,0.124563,0.098768,0.000792,0.063524,0.000000,0.081014,0.081014],[1.269084,0.024917,0.024369,0.992061,0.000000,0.154392,0.200040,0.045291,0.000000,0.143313,0.143313,0.000000,0.000000,0.000000,0.000000,0.000000,-0.048370,0.072723,0.072723,0.232578,0.232578,-0.038583,0.094088,0.094088,-0.026048,-0.026048,-0.063247,-0.115529,-0.094964,-0.041184,0.000000,0.056581,0.056581],[1.363358,-0.200314,0.009995,0.000000,0.000000,0.046415,0.190506,-0.004222,0.000000,-0.146975,0.837155,0.000000,0.000000,0.000000,0.000000,0.000000,0.033170,0.055592,0.055592,0.173932,0.173932,0.135126,-0.035313,-0.035313,0.015917,0.015917,0.141441,0.042608,0.054971,-0.001360,0.000000,0.038704,0.038704],[1.059591,0.133337,0.000882,0.000000,0.000000,0.123824,0.241808,0.033110,0.000000,0.065427,0.065427,0.000000,0.000000,0.000000,0.000000,0.000000,-0.054728,0.053090,0.053090,0.006589,0.006589,0.072731,0.011151,0.011151,0.048051,0.048051,0.072163,-0.230535,0.734913,0.103824,0.000000,0.064476,0.064476]]
alpha = [1.106752,1.154539,1.044161,0.880153]
runtime = 325.619995
