seed = 4
ll = -4994.238281
loss_zeroone = 0.163866
loss_symmetric = 0.203584
fscore = 0.404167
clusters = [[22825,22858,22909,23042,22893,22962,23039,22979,22887,23014,22998,22870,23003,22935,23057,22972,23023,22970,22918,22941,22973,22951,22946,23005,22925,23043,22843,23013,22906,22883,23018,23027,23062,22985,22939,23030,22999,22866,22905,22867,22882,23029,22874,22889],[23051,22979,22881,23041,22827,22833,22942,22948,22932,22934,23044,23038,22873,22898,23053,22993,22911,23050,22908,22921,22900,22876,22963,22964,22832,23022,23059,22845,22947,22982,22929,23055,23008,22959,23052,23031,22943,23011,22897,22901,22863,23032,22846,23047,22937,23026,22971]]
theta = [[1.161170,-0.157810,0.016946,0.000000,0.000000,-0.024967,0.048984,0.008216,0.000000,0.135015,0.135015,0.000000,0.000000,0.000000,0.000000,0.000000,-0.006038,1.032828,0.032846,-0.006469,-0.006469,-0.015549,-0.109331,-0.109331,-0.043715,-0.043715,0.059516,-0.109413,-0.081918,-0.109099,0.000000,-0.024958,-0.024958],[1.444233,-0.063791,0.056919,0.000000,0.000000,0.072114,0.121970,-0.010844,0.000000,0.001565,0.001565,0.000000,0.000000,0.000000,0.000000,0.000000,0.009955,-0.045750,0.948972,-0.070547,-0.070547,0.005982,-0.087012,-0.087012,0.143813,0.143813,0.106182,-0.024714,-0.071382,-0.018947,0.000000,0.062685,0.062685]]
alpha = [1.169712,1.263631]
runtime = 97.730003
