seed = 0
ll = -1091.943604
loss_zeroone = 0.198582
loss_symmetric = 0.157414
fscore = 0.653915
clusters = [[23159,23256,23270,23180,23290,23228,23217,23287,23298,23183,23285,23163,23175,23297,23266,23291,23244,23242,23162,23202,23227,23178,23261,23218,23225,23212,23234,23200,23239,23295,23171,23192,23232,23271,23197,23250,23210],[23160,23215,23264,23251,23259,23280,23279,23186,23262,23164,23275,23208,23220,23265,23167,23231,23274,23252,23203,23294,23246,23241,23245,23284,23168,23169,23292,23195,23172,23214,23243,23179,23293,23189,23222,23193,23194,23267,23254,23201,23199,23230,23276,23226,23206,23213,23207,23233],[23158,23235,23255,23219,23159,23256,23270,23180,23290,23298,23183,23285,23175,23297,23266,23291,23244,23160,23242,23215,23264,23251,23259,23280,23279,23162,23161,23202,23227,23178,23261,23218,23225,23212,23295,23171,23186,23262,23275,23208,23168,23169,23292,23173,23192,23177,23268,23243,23179,23170,23293,23232,23190,23253,23281,23236,23196,23271,23283,23257,23249,23288,23289,23229],[23290,23285,23297,23291,23242,23162,23202,23227,23218,23234,23295,23171,23209,23185,23165,23187,23184,23238,23258,23286,23216,23166,23247,23220,23265,23167,23260,23231,23274,23252,23203,23294,23246,23241,23245,23284,23195,23172,23214,23272,23173,23177,23268,23190,23253,23281,23236,23283,23257,23211,23269,23282,23263,23205,23198,23273,23223]]
theta = [[1.415518,-0.158638,0.615978,0.984908,-0.000044,-0.000044,0.037908,0.009881,0.009881,0.000061,0.000061,0.186643,-0.000086,-0.000052,0.140110,0.140110,0.015497,0.015497,0.000000,0.000000,0.000000,0.001255,0.000000,0.000000,0.000042,0.000042,-0.012075,0.000042,0.000042,0.000925,0.000925,0.009718,0.009718,0.000000,0.076006,0.001612,0.001612,0.000925,0.000925,-0.027155,-0.027155,0.000000,0.000925,0.000000,0.000000,0.000000,0.000000,0.000000,0.000000,0.000000,0.040995,0.000000,0.000000,0.000049,-0.000058,0.037720,0.037720,-0.065374,-0.065374,0.000000,0.000000,0.000000,-0.086856,0.000000,-0.372972,-0.372972],[1.243490,0.057992,0.302543,0.000000,0.000040,0.000040,0.222176,0.091609,0.091609,0.000043,0.000043,0.095608,-0.000051,0.053033,-0.018222,-0.018222,0.058219,0.058219,0.000000,0.000000,0.000000,0.116085,0.000000,0.000000,-0.000048,-0.000048,0.027569,-0.000048,-0.000048,0.000051,0.000051,-0.000002,-0.000002,0.000000,0.032604,-0.000065,-0.000065,0.000051,0.000051,-0.000084,-0.000084,0.000000,0.000051,0.000000,0.984908,0.000000,0.000000,0.000000,0.000000,0.000000,0.060329,0.000000,0.000000,-0.000008,-0.000014,0.022740,0.022740,-0.066758,-0.066758,0.000000,0.000000,0.000000,-0.070288,0.000000,-0.051808,-0.051808],[0.898851,0.057456,0.500424,0.984908,0.000027,0.000027,-0.016343,-0.021138,-0.021138,0.000061,0.000061,-0.035639,-0.000026,-0.019934,0.067824,0.067824,0.000051,0.000051,0.000000,0.000000,0.000000,-0.038163,0.000000,0.000000,0.000037,0.000037,-0.261150,0.000037,0.000037,0.000041,0.000041,0.005988,0.005988,0.000000,0.027434,0.000071,0.000071,0.000041,0.000041,-0.000076,-0.000076,0.000000,0.000041,0.000000,0.000000,0.000000,0.000000,0.000000,0.000000,0.000000,-0.000062,0.000000,0.000000,-0.000005,0.005266,0.004226,0.004226,-0.041762,-0.041762,0.000000,0.000000,0.000000,-0.069668,0.000000,-0.314218,-0.314218],[1.073603,-0.151652,0.178520,0.000000,-0.000046,-0.000046,0.246241,0.016164,0.016164,-0.000034,-0.000034,0.170652,-0.000059,-0.000444,-0.072364,-0.072364,0.022375,0.022375,0.000000,0.000000,0.000000,0.164011,0.000000,0.000000,-0.000009,-0.000009,-0.005257,-0.000009,-0.000009,0.000027,0.000027,0.005196,0.005196,0.000000,0.004494,0.000024,0.000024,0.000027,0.000027,-0.000046,-0.000046,0.000000,0.000027,0.000000,0.000000,0.000000,0.000000,0.000000,0.000000,0.000000,0.010435,0.000000,0.000000,0.000080,0.032924,0.000043,0.000043,0.106854,0.106854,0.984908,0.000000,0.000000,0.060861,0.000000,-0.124300,-0.124300]]
alpha = [1.287177,0.962094,1.013183,0.883685]
runtime = 33.090000
