seed = 3
ll = -1234.054932
loss_zeroone = 0.186761
loss_symmetric = 0.128501
fscore = 0.710770
clusters = [[23159,23256,23270,23180,23290,23228,23217,23287,23298,23183,23285,23175,23297,23266,23291,23244,23242,23162,23202,23227,23178,23261,23218,23225,23212,23234,23295,23171,23192,23232,23271,23250],[23160,23215,23264,23251,23259,23280,23279,23186,23262,23164,23275,23208,23220,23265,23167,23274,23252,23203,23294,23241,23245,23284,23168,23169,23292,23195,23172,23214,23173,23177,23268,23243,23179,23293,23190,23253,23281,23236,23283,23257,23199,23223,23233],[23158,23235,23255,23219,23270,23290,23298,23183,23285,23163,23297,23291,23244,23242,23162,23202,23227,23178,23261,23218,23225,23212,23200,23239,23295,23171,23209,23185,23165,23187,23184,23238,23258,23286,23216,23166,23247,23220,23265,23167,23260,23231,23274,23252,23203,23294,23246,23241,23245,23284,23195,23172,23214,23272,23170,23222,23197,23193,23194,23267,23201,23230,23276,23273,23206,23210]]
theta = [[1.425276,-0.152259,0.683475,0.000000,-0.000534,-0.000534,0.028418,0.060683,0.060683,0.008614,0.008614,0.080306,-0.000016,-0.015354,0.115221,0.115221,0.039889,0.039889,0.000000,0.000000,0.000000,0.034636,0.000000,0.000000,-0.001117,-0.001117,-0.075561,-0.001117,-0.001117,0.005938,0.005938,0.007250,0.007250,0.000000,0.044503,0.000038,0.000038,0.005938,0.005938,-0.030734,-0.030734,0.000000,0.005938,0.000000,0.000000,0.000000,0.000000,0.000000,0.000000,0.000000,0.029538,0.000000,0.989939,-0.000040,0.000866,0.006298,0.006298,-0.021570,-0.021570,0.000000,0.000000,0.000000,-0.046394,0.000000,-0.260982,-0.260982],[1.083325,0.093532,0.327082,0.000000,-0.000004,-0.000004,0.649120,0.031570,0.031570,0.004761,0.004761,0.033315,-0.000014,0.059532,-0.039691,-0.039691,0.042091,0.042091,0.000000,0.000000,0.000000,0.136795,0.000000,0.000000,-0.000113,-0.000113,-0.133367,-0.000113,-0.000113,0.002921,0.002921,-0.001197,-0.001197,0.000000,0.000017,-0.005332,-0.005332,0.002921,0.002921,0.011922,0.011922,0.000000,0.002921,0.000000,0.000000,0.000000,0.000000,0.000000,0.000000,0.000000,0.019242,0.000000,0.000000,0.000022,0.009699,0.042132,0.042132,0.003924,0.003924,0.000000,0.000000,0.000000,-0.033062,0.000000,-0.187831,-0.187831],[0.991262,-0.124033,0.071145,0.000000,-0.000033,-0.000033,0.080059,0.042370,0.042370,0.006222,0.006222,0.118859,0.000043,0.011423,-0.029676,-0.029676,0.052616,0.052616,0.000000,0.000000,0.000000,0.121036,0.000000,0.000000,-0.000249,-0.000249,-0.078229,-0.000249,-0.000249,-0.000053,-0.000053,0.000026,0.000026,0.000000,0.006056,0.992089,-0.000014,-0.000053,-0.000053,0.014405,0.014405,0.000000,-0.000053,0.000000,0.000000,0.000000,0.000000,0.000000,0.000000,0.000000,-0.000040,0.000000,0.000000,0.000042,0.001369,-0.064022,-0.064022,0.002643,0.002643,0.000000,0.000000,0.000000,0.009149,0.000000,-0.085852,-0.085852]]
alpha = [1.444971,0.927309,1.012897]
runtime = 76.267807
