seed = 1
ll = -1658.586426
loss_zeroone = 0.070922
loss_symmetric = 0.137026
fscore = 0.833333
clusters = [[23159,23256,23270,23180,23290,23298,23183,23285,23175,23297,23291,23244,23242,23162,23202,23227,23178,23261,23218,23225,23212,23295,23171,23192,23232,23271]]
theta = [[1.404051,-0.115245,0.623249,0.000000,0.031515,0.031515,0.113676,0.020704,0.020704,0.036192,0.036192,0.064444,0.034334,0.043533,0.009712,0.009712,0.085675,0.085675,0.000000,0.000000,0.000000,0.114503,0.000000,0.000000,0.016917,0.016917,-0.155545,0.016917,0.016917,0.014034,0.014034,0.033037,0.033037,0.000000,0.035499,0.014842,0.014842,0.014034,0.014034,0.000494,0.000494,0.994969,0.014034,0.000000,0.000000,0.000000,0.000000,0.000000,0.000000,0.000000,0.001811,0.000000,0.000000,0.031460,0.053725,0.078423,0.078423,-0.012177,-0.012177,0.000000,0.000000,0.000000,-0.023567,0.000000,-0.203887,-0.203887]]
alpha = [1.840484]
runtime = 3.650000
