seed = 0
ll = -1388.366943
loss_zeroone = 0.088652
loss_symmetric = 0.079057
fscore = 0.797761
clusters = [[23159,23256,23270,23180,23290,23228,23217,23287,23298,23183,23285,23163,23175,23297,23266,23291,23244,23242,23162,23202,23227,23178,23261,23218,23225,23212,23234,23295,23171,23192,23232,23271,23210],[23160,23215,23264,23251,23259,23280,23279,23186,23262,23275,23208,23220,23265,23167,23231,23274,23252,23203,23294,23246,23241,23245,23284,23168,23169,23292,23195,23172,23214,23272,23243,23179,23293,23222]]
theta = [[1.380472,-0.077410,0.575506,0.993963,0.007828,0.007828,0.102877,0.002507,0.002507,0.018170,0.018170,0.036358,0.012728,0.017519,0.067186,0.067186,0.036317,0.036317,0.000000,0.000000,0.000000,0.066012,0.000000,0.000000,0.001828,0.001828,-0.078443,0.001828,0.001828,0.002146,0.002146,0.008419,0.008419,0.000000,0.043207,0.000798,0.000798,0.002146,0.002146,-0.009595,-0.009595,0.000000,0.002146,0.000000,0.000000,0.000000,0.000000,0.000000,0.000000,0.000000,0.021775,0.000000,0.000000,0.012620,0.001929,0.013500,0.013500,-0.041487,-0.041487,0.000000,0.000000,0.000000,-0.042561,0.000000,-0.194685,-0.194685],[1.180906,0.013197,0.227005,0.000000,0.007147,0.007147,0.040030,-0.004265,-0.004265,0.016626,0.016626,0.043928,0.011595,0.021421,-0.044353,-0.044353,0.017058,0.017058,0.000000,0.000000,0.000000,0.050944,0.000000,0.000000,0.001596,0.001596,-0.033134,0.001596,0.001596,0.001831,0.001831,0.007993,0.007993,0.000000,-0.004963,0.000650,0.000650,0.001831,0.001831,-0.008083,-0.008083,0.000000,0.001831,0.000000,0.993963,0.000000,0.000000,0.000000,0.000000,0.000000,0.002313,0.000000,0.000000,0.011494,0.002564,0.007814,0.007814,-0.050085,-0.050085,0.000000,0.000000,0.000000,-0.038127,0.000000,-0.153321,-0.153321]]
alpha = [1.450480,1.246387]
runtime = 11.590000
