seed = 2
ll = -7917.441406
loss_zeroone = 0.049696
loss_symmetric = 0.210854
fscore = 0.700331
clusters = [[23301,23302,23402,23760,23313,23670,23345,23765,23613,23535,23654,23510,23495,23612,23320,23479,23594,23493,23657,23520,23611,23427,23536,23699,23683,23425,23340,23625],[23449,23710,23305,23395,23629,23711,23652,23609,23499,23576,23636,23494,23571,23759,23386,23330,23790,23496,23685,23566,23394,23775,23689,23616,23596,23572,23539,23704,23310,23514,23513,23703,23415,23491,23327,23721,23601,23492,23358,23621,23424,23712,23347,23549,23517,23720,23454,23575,23651,23391,23534,23642,23581,23655,23684,23376,23457,23727,23743,23392,23578,23452,23732,23737,23426,23485,23502,23764]]
theta = [[1.471776,0.139219,0.286890,0.128860,0.128860,0.000000,-0.011582,-0.010921,0.161996,0.022830,0.001132,0.000000,0.000000,0.099704,0.000000,0.000000,0.068094,0.068094,0.000000,-0.002262,0.000000,0.000000,0.232723,-0.001243,-0.001243,0.098760,-0.002850,-0.002850,0.957601,-0.011914,-0.018270,-0.018270,-0.002828,-0.001672,-0.011768,-0.011768,0.019292,0.019292],[1.224917,0.052279,0.219758,0.077183,0.077183,0.000000,-0.010466,-0.010078,0.043840,0.019571,-0.001281,0.000000,0.000000,0.019231,0.000000,0.000000,-0.008355,-0.008355,0.000000,-0.002028,0.000000,0.000000,0.106971,-0.001114,-0.001114,0.008280,-0.002643,0.996382,-0.038981,-0.011243,-0.016774,-0.016774,-0.002561,-0.001394,-0.010917,-0.010917,0.018738,0.018738]]
alpha = [1.447583,1.297522]
runtime = 1248.369995
