seed = 4
ll = -6491.572754
loss_zeroone = 0.121704
loss_symmetric = 0.151658
fscore = 0.643292
clusters = [[23301,23302,23402,23760,23313,23670,23345,23765,23613,23535,23654,23510,23495,23612,23320,23479,23594,23493,23657,23520,23611,23427,23536,23699,23683,23425,23340,23625,23449,23710,23305,23395,23629,23711,23652,23609,23499,23576,23636,23494,23571,23759,23386,23330,23420,23790,23496,23685,23566,23394,23775,23725,23316,23308,23689,23616,23318,23596,23572,23539,23704,23310,23514,23513,23705,23319,23375,23757,23785,23707,23703,23415,23491,23507,23730,23692,23450,23754,23511,23722,23617,23327,23721,23601,23492,23358,23621,23424,23712,23347,23549,23517,23332,23604,23720,23662,23454,23575,23344,23651,23391,23534,23642,23351,23355,23581,23655,23684,23376,23696,23565,23646,23586,23742,23602,23457,23401,23727,23743,23392,23578,23452,23732,23737,23426,23607,23485,23502,23717,23764,23482,23744,23769,23780],[23301,23302,23402,23760,23313,23670,23345,23765,23613,23535,23654,23510,23495,23612,23320,23479,23594,23493,23657,23520,23611,23427,23536,23699,23683,23425,23340,23625,23488,23472,23557,23328,23307,23750,23519,23582,23643,23364,23462,23789,23614,23623,23309,23659,23603,23761,23716,23390,23487,23366,23747,23393,23782,23650,23694,23599,23447,23753,23357,23311,23349,23326,23474,23558,23436,23455,23580,23771,23339,23666,23431,23647,23396,23619,23631,23778,23626,23678,23740,23342,23477,23541,23569,23408,23637,23543,23556,23361,23363,23562,23406,23718,23638,23781,23527,23414,23577,23639,23421,23746,23523,23735,23466,23489,23656,23632],[23650,23314,23446,23592,23665,23360,23697,23367,23503,23784,23635,23461,23443,23749,23505,23776,23530,23435,23518,23640,23336,23467,23324,23470,23667,23500,23422,23369,23661,23786,23350,23686,23706,23677,23597,23333,23542,23423,23365,23370,23690,23416,23526,23433,23540,23698,23676,23486,23622,23476,23590,23768,23468,23532,23524,23644,23490,23682,23480,23528,23671,23589,23787]]
theta = [[1.202411,0.012519,0.149249,0.050441,0.050441,0.000000,-0.001826,0.004409,0.085320,0.051889,0.025439,0.000000,0.999177,0.020023,0.000000,0.000000,0.017302,0.017302,0.000000,-0.003024,0.000000,0.000000,0.125073,0.002027,0.002027,0.007978,-0.001412,-0.001412,-0.012007,-0.003609,0.006023,0.006023,-0.002162,0.000060,-0.023556,-0.023556,0.000235,0.000235],[1.216148,0.073649,0.217084,0.060073,0.060073,0.000000,0.007428,0.013817,0.065758,0.060096,0.059233,0.000000,0.000000,0.088306,0.000000,0.000000,0.015410,0.015410,0.000000,0.001663,0.000000,0.000000,0.075631,0.002015,0.002015,0.074231,-0.001404,-0.001404,-0.008392,-0.003588,0.006004,0.006004,-0.002148,-0.000754,-0.023437,0.974962,0.000236,0.000236],[1.314551,0.076712,0.363788,0.061216,0.061216,0.000000,0.011243,0.000118,0.113887,0.044845,0.020766,0.000000,0.000000,0.152518,0.000000,0.999177,0.046769,0.046769,0.000000,-0.003258,0.000000,0.000000,0.215682,0.000402,0.000402,0.030604,-0.001561,-0.001561,0.007343,0.000468,0.031748,0.031748,0.008033,0.006944,0.023241,0.023241,-0.000057,-0.000057]]
alpha = [1.215306,1.212568,1.325550]
runtime = 10316.729492
