seed = 1
ll = -8664.968750
loss_zeroone = 0.068966
loss_symmetric = 0.331346
fscore = 0.500000
clusters = [[23301,23302,23402,23760,23313,23670,23345,23765,23613,23535,23654,23510,23495,23612,23320,23479,23594,23493,23657,23520,23611,23427,23536,23699,23683,23425,23340,23625]]
theta = [[1.728826,0.074124,0.382897,0.097164,0.097164,0.000000,0.014642,0.005811,0.269974,0.076866,0.057147,0.000000,0.000000,0.212773,0.999778,0.000000,0.078946,0.078946,0.000000,0.004618,0.000000,0.000000,0.305279,0.002086,0.002086,0.141796,0.007291,0.007291,0.013860,0.002511,0.018110,0.018110,0.003356,0.010551,0.003413,0.003413,0.025945,0.025945]]
alpha = [1.847350]
runtime = 245.820007
