seed = 3
ll = -998.251282
loss_zeroone = 0.126168
loss_symmetric = 0.122473
fscore = 0.777807
clusters = [[2384,2367,2418,2462,2470,2404,2457,2373,2469,2468,2451,2376,2453,2400,2459,2425,2412,2436,2444,2405,2393,2415,2472,2431,2391,2440,2460,2394],[2366,2448,2439,2378,2423,2384,2465,2368,2420,2379,2385,2372,2398,2466,2427,2383,2411,2382,2454,2464,2428,2430,2424,2409,2413,2422,2429,2433,2445,2410,2397,2421,2434,2467,2435]]
theta = [[1.495517,-0.090086,0.166561,0.051456,0.051456,0.000000,0.975616,-0.010846,0.087578,0.055061,0.055061,0.019748,0.019748,0.000000,0.000000,0.106261,0.202118,0.188059,0.000000,0.000000,0.196979,0.000000,0.000000,0.024201,0.024201,0.000000,0.000000,0.000000,0.230273,0.000000,0.000000,0.035413,0.035413,0.000000,0.027261,0.027261,-0.077893,-0.077893],[1.039788,-0.060421,0.062065,0.085047,0.085047,0.000000,0.000384,0.000384,0.008015,-0.014635,-0.014635,0.011610,0.011610,0.000000,0.000000,0.056186,-0.336725,0.700004,0.000000,0.000000,0.054551,0.000000,0.000000,-0.000017,-0.000017,0.000000,0.000000,0.000000,0.254711,0.000000,0.000000,0.023232,0.023232,0.000000,-0.020114,-0.020114,-0.051349,-0.051349]]
alpha = [1.235003,0.819439]
runtime = 4.050000
