seed = 4
ll = -671.613586
loss_zeroone = 0.273365
loss_symmetric = 0.175107
fscore = 0.592338
clusters = [[2366,2448,2439,2378,2423,2384,2465,2367,2418,2462,2470,2404,2457,2373,2469,2468,2451,2376,2453,2400,2459,2425,2412,2436,2444,2368,2405,2420,2379,2385,2372,2393,2371,2398,2369,2415,2406,2472,2417,2463,2431,2391,2440,2409,2460,2394,2390,2458,2402],[2384,2462,2470,2404,2457,2373,2469,2451,2453,2425,2444,2405,2393,2371,2415,2370,2401,2406,2472,2417,2463,2391,2440,2407,2455,2426,2374,2377,2381,2380,2443,2438,2388,2387,2396,2416,2395,2460,2394,2392,2390,2408,2399,2389,2461,2458,2402,2452,2449,2437],[2366,2448,2439,2378,2423,2384,2465,2368,2420,2379,2385,2372,2398,2426,2377,2381,2375,2380,2443,2438,2450,2388,2387,2396,2416,2466,2427,2383,2411,2395,2382,2454,2464,2428,2430,2424,2409,2413,2422,2429,2433,2392,2408,2399,2461,2445,2410,2397,2452,2421,2467,2435],[2367,2418,2462,2470,2404,2457,2373,2469,2468,2451,2376,2453,2400,2459,2425,2412,2436,2444,2405,2415,2472,2431,2432,2391,2440,2466,2427,2383,2411,2382,2454,2464,2428,2430,2424,2413,2422,2429,2433,2389,2445,2410,2397,2403,2421,2434,2467,2456,2435]]
theta = [[1.389411,-0.007148,-0.076345,0.026545,0.026545,0.000000,0.157108,0.157108,0.035840,0.094000,0.094000,0.000010,0.000010,0.000000,0.000000,0.326218,0.507343,0.329845,0.000000,0.000000,-0.025160,0.000000,0.000000,-0.037409,-0.037409,0.000000,0.000000,0.000000,0.333053,0.000000,0.000000,-0.000038,-0.000038,0.000000,0.879536,-0.041941,-0.106378,-0.106378],[1.283290,0.004892,0.207933,0.029126,0.029126,0.000000,0.189812,0.189812,0.131620,0.153118,0.153118,0.000047,0.000047,0.000000,0.000000,0.036532,0.071812,0.148944,0.000000,0.000000,0.019869,0.000000,0.000000,0.038922,0.038922,0.000000,0.000000,0.000000,0.084167,0.960706,0.000000,0.000039,0.000039,0.000000,0.093703,0.093703,0.031860,0.031860],[1.145743,0.926503,0.061542,-0.067058,-0.067058,0.000000,0.135970,0.135970,0.358668,-0.169348,-0.169348,-0.000006,-0.000006,0.000000,0.000000,0.242410,-0.030301,0.236323,0.000000,0.000000,0.079825,0.000000,0.000000,-0.009994,-0.009994,0.000000,0.000000,0.000000,0.363318,0.000000,0.000000,-0.000057,-0.000057,0.000000,-0.005890,-0.005890,0.144912,0.144912],[1.604151,-0.009200,0.098513,0.117947,0.117947,0.000000,-0.010619,-0.010619,0.176621,0.026795,0.026795,0.000044,0.000044,0.000000,0.000000,0.046733,0.082326,0.108514,0.000000,0.000000,0.288398,0.000000,0.000000,0.053703,0.053703,0.000000,0.000000,0.000000,0.152510,0.000000,0.000000,0.000009,0.967080,0.000000,0.124350,0.124350,-0.116032,-0.116032]]
alpha = [1.206323,1.006613,1.043953,1.219268]
runtime = 13.330000
