seed = 0
ll = -644.335449
loss_zeroone = 0.325234
loss_symmetric = 0.225178
fscore = 0.494333
clusters = [[2439,2423,2384,2465,2367,2418,2462,2470,2404,2457,2373,2469,2468,2451,2376,2453,2400,2459,2425,2412,2436,2444,2368,2405,2420,2379,2385,2372,2393,2398,2415,2370,2401,2472,2431,2432,2391,2440,2407,2455,2409,2460,2394,2408,2389,2461,2449],[2384,2367,2418,2462,2470,2404,2457,2373,2469,2468,2451,2376,2453,2400,2425,2412,2436,2444,2405,2393,2371,2369,2415,2406,2472,2417,2463,2431,2391,2407,2455,2426,2374,2377,2381,2375,2380,2443,2438,2450,2388,2396,2395,2460,2392,2399,2389,2452,2437],[2366,2448,2439,2378,2423,2384,2465,2462,2470,2404,2373,2469,2451,2453,2459,2425,2444,2405,2385,2393,2371,2406,2472,2417,2463,2432,2391,2440,2426,2374,2377,2375,2380,2438,2450,2388,2387,2396,2416,2395,2409,2460,2394,2390,2389,2458,2402,2437],[2366,2448,2439,2378,2423,2384,2465,2368,2420,2379,2385,2372,2398,2426,2381,2380,2443,2438,2388,2387,2396,2416,2466,2427,2383,2411,2395,2382,2454,2464,2428,2430,2424,2409,2413,2422,2429,2433,2392,2408,2399,2461,2445,2410,2397,2452,2403,2421,2434,2467,2456,2435],[2367,2418,2462,2470,2404,2457,2373,2469,2468,2451,2376,2453,2400,2459,2425,2412,2436,2444,2405,2371,2369,2415,2406,2472,2417,2463,2431,2391,2440,2466,2427,2383,2411,2382,2454,2464,2428,2430,2424,2413,2422,2429,2433,2394,2390,2458,2402,2445,2410,2397,2421,2434,2467,2435]]
theta = [[1.266033,-0.008241,-0.094456,0.036768,0.036768,0.000000,0.115588,0.115588,0.046960,0.081655,0.081655,-0.000045,-0.000045,0.000000,0.000000,0.024936,0.156076,0.157029,0.000000,0.000000,0.121378,0.000000,0.000000,-0.000096,-0.000096,0.000000,0.000000,0.986029,0.109390,0.000000,0.000000,-0.000030,-0.000030,0.000000,0.055782,0.055782,-0.049118,-0.049118],[1.026159,0.033087,0.052527,0.001097,0.001097,0.000000,0.083620,0.083620,0.166461,0.008583,0.008583,0.000071,0.000071,0.000000,0.986029,0.034145,0.067855,0.020284,0.000000,0.000000,0.001636,0.000000,0.000000,0.009418,0.009418,0.000000,0.000000,0.000000,0.066613,0.000000,0.000000,0.000023,0.000023,0.000000,-0.016274,-0.016274,0.003001,0.003001],[0.984295,0.000715,0.048278,0.013981,0.013981,0.000000,0.102911,0.102911,-0.031619,0.106858,0.106858,0.000077,0.000077,0.000000,0.000000,0.074600,0.056890,0.041354,0.000000,0.000000,-0.041016,0.000000,0.000000,0.001054,0.001054,0.000000,0.000000,0.000000,0.136650,0.000000,0.000000,0.000026,0.987711,0.000000,-0.030441,-0.030441,0.030768,0.030768],[1.341374,-0.021146,0.074841,0.099844,0.099844,0.000000,0.036029,0.036029,0.152175,-0.022437,-0.022437,0.000033,0.000033,0.000000,0.000000,0.180708,-0.020901,0.073192,0.000000,0.000000,0.169760,0.000000,0.000000,0.000048,0.000048,0.000000,0.000000,0.000000,0.263065,0.000000,0.000000,-0.000073,-0.000073,0.986029,0.012542,0.012542,0.034640,0.034640],[1.160142,-0.025677,0.942982,0.062117,0.062117,0.000000,-0.006703,-0.006703,0.085379,0.102941,0.102941,-0.000021,-0.000021,0.000000,0.000000,0.110825,0.260029,0.273633,0.000000,0.000000,0.155244,0.000000,0.000000,0.010000,0.010000,0.000000,0.000000,0.000000,0.084322,0.000000,0.000000,-0.000015,-0.000015,0.000000,0.024045,0.024045,-0.044638,-0.044638]]
alpha = [1.135267,0.963640,0.958505,1.188437,1.060056]
runtime = 10.470000
