seed = 2
ll = -886.690796
loss_zeroone = 0.202492
loss_symmetric = 0.147795
fscore = 0.682239
clusters = [[2366,2448,2439,2378,2423,2384,2465,2367,2418,2462,2470,2404,2457,2373,2469,2468,2451,2376,2453,2400,2459,2425,2412,2436,2444,2368,2405,2420,2379,2385,2372,2371,2398,2415,2472,2417,2463,2431,2391,2440,2426,2381,2380,2438,2388,2387,2396,2416,2395,2409,2460,2390,2389,2452],[2367,2418,2462,2470,2404,2457,2373,2469,2468,2451,2376,2453,2400,2425,2412,2436,2444,2405,2393,2369,2415,2406,2472,2431,2391,2440,2394,2402],[2384,2404,2373,2469,2453,2459,2425,2393,2371,2406,2472,2417,2463,2432,2466,2427,2383,2411,2382,2454,2464,2428,2430,2424,2413,2422,2429,2433,2458,2445,2410,2397,2403,2421,2434,2467,2456,2435,2437]]
theta = [[1.159926,-0.037279,-0.018079,0.864097,-0.111533,0.000000,0.093554,0.093554,0.074615,0.104721,0.104721,0.000224,0.000224,0.000000,0.000000,0.034544,0.162351,0.073321,0.000000,0.000000,-0.009185,0.000000,0.000000,0.000051,0.000051,0.000000,0.000000,0.000000,0.047118,0.000000,0.000000,0.009921,0.009921,0.000000,0.034679,0.034679,-0.018990,-0.018990],[1.140846,-0.051230,0.017483,-0.119302,-0.119302,0.000000,0.085473,0.085473,0.091802,0.044013,0.044013,0.000652,0.000652,0.000000,0.000000,0.027686,0.054979,1.036469,0.000000,0.000000,0.054880,0.000000,0.000000,-0.000069,-0.000069,0.000000,0.000000,0.000000,0.052874,0.000000,0.000000,0.010724,0.010724,0.000000,-0.012074,-0.012074,-0.058525,-0.058525],[1.153800,-0.051362,0.017671,0.153486,0.153486,0.987775,-0.016252,-0.016252,0.017350,0.056078,0.056078,0.000686,0.000686,0.000000,0.000000,0.131011,-0.019756,0.064166,0.000000,0.000000,0.217433,0.000000,0.000000,-0.000140,-0.000140,0.000000,0.000000,0.000000,0.225278,0.000000,0.000000,0.010781,0.010781,0.000000,-0.021620,-0.021620,-0.058665,-0.058665]]
alpha = [1.030282,1.199089,1.157996]
runtime = 22.729321
