seed = 0
ll = -1118.882690
loss_zeroone = 0.093458
loss_symmetric = 0.138889
fscore = 0.838710
clusters = [[2367,2418,2462,2470,2404,2457,2373,2469,2468,2451,2376,2453,2400,2459,2425,2412,2436,2444,2405,2393,2415,2472,2431,2391,2440,2394]]
theta = [[1.398561,-0.058330,0.300035,0.009441,0.009441,0.000000,0.162996,0.162996,0.063950,0.087135,0.087135,0.055501,0.055501,0.000000,0.000000,0.065442,0.102970,0.216775,0.000000,0.000000,0.078893,0.000000,0.000000,-0.002223,-0.002223,0.000000,0.000000,0.991268,0.212106,0.000000,0.000000,0.068462,0.068462,0.000000,0.021462,0.021462,-0.065000,-0.065000]]
alpha = [1.642395]
runtime = 1.290000
