seed = 1
ll = -613.826538
loss_zeroone = 0.330952
loss_symmetric = 0.325333
fscore = 0.470862
clusters = [[305,339,325,243,258,320,301,276,251,337,302,267,313,294,264,336,266,246,247,281,342,248,316,291,312,284,253,298,256,295,277,293,279,338,335,288,292],[240,283,241,334,285,309,310,242,273,286,305,263,274,339,269,245,332,291,312,284,253,298,256,254,280,295,277,293,279,261,327,308,270,314,299,262,259,317,271,300,278,272,289],[244,340,257,252,328,246,247,281,303,342,248,296,265,249,304,290,326,255,318,306,321,282,260,330,254,280,261,327,311,315,308,270,314,299,324,287,333,297,322,331,275,323,344,319,272,341],[240,283,241,334,285,309,310,242,273,286,305,263,274,339,269,325,243,258,320,301,276,251,337,302,267,313,294,264,336,266,340,303,249,250,290,307,326,255,306,311,315,324,287,333,297,322,331,335]]
theta = [[1.471976,0.825457,0.000000,0.000000,0.000000,0.000000,0.037283,0.096153,0.000000,0.000000],[1.449384,0.059796,0.000000,0.000000,0.000000,0.978228,0.283264,0.135407,0.000000,0.000000],[1.476649,0.011177,0.978228,0.000000,0.000000,0.000000,-0.050796,0.172694,0.000000,0.000000],[1.402338,0.112692,0.000000,0.000000,0.000000,0.000000,0.803325,0.260362,0.000000,0.000000]]
alpha = [1.095265,1.162711,1.157162,1.032505]
runtime = 14.170000
