seed = 3
ll = -870.286133
loss_zeroone = 0.304762
loss_symmetric = 0.358727
fscore = 0.484375
clusters = [[305,339,325,243,258,320,301,276,251,337,302,267,313,294,264,336,266,335],[240,283,241,334,285,309,310,242,273,286,305,263,274,339,269,340,303,290,326,255,306,291,312,284,253,298,256,295,293,279,311,315,324,287,333,322,331]]
theta = [[1.631078,0.082618,0.000000,0.000000,0.000000,0.000000,0.641036,0.228451,0.000000,0.000000],[1.167981,0.847387,0.000000,0.000000,0.000000,0.000000,-0.030519,0.159190,0.000000,0.000000]]
alpha = [1.411606,1.248968]
runtime = 5.700000
