seed = 0
ll = -410.223816
loss_zeroone = 0.352381
loss_symmetric = 0.277922
fscore = 0.521615
clusters = [[241,334,285,242,273,286,305,263,274,339,269,325,243,258,320,301,276,251,337,302,267,313,294,264,336,244,266,340,257,252,328,304,318,321,282,260,291,312,284,253,298,256,295,277,293,279,335,275,344,319],[240,283,241,285,309,310,242,273,286,305,263,274,339,269,325,258,320,301,276,251,302,267,336,340,303,249,250,290,307,326,255,316,306,291,312,284,253,298,256,295,277,293,279,311,315,324,287,333,297,322,331,338,335,323,319],[240,283,241,334,309,310,305,339,269,325,243,320,301,276,251,302,267,294,264,266,246,247,245,332,281,342,248,296,265,316,291,312,284,253,298,256,295,277,293,279,262,259,335,317,271,300],[305,263,339,243,320,276,251,337,302,313,294,264,336,244,340,257,252,245,332,303,296,265,249,250,290,326,255,318,316,306,260,330,291,298,256,254,280,327,311,315,308,299,324,262,259,333,297,322,331,288,317,271,300,275,278,292,272,289],[240,283,241,334,285,309,310,242,273,286,305,263,274,339,269,244,340,252,328,246,247,281,342,248,296,265,290,326,255,318,321,282,260,330,312,284,253,298,256,295,293,279,311,315,324,287,333,297,322,331,288,275,319,292,341],[325,243,258,320,301,276,251,337,302,267,313,294,264,336,244,266,340,257,252,328,246,247,281,303,342,248,249,304,250,290,307,326,255,318,316,306,321,282,260,330,254,280,261,327,311,315,308,270,314,299,324,287,333,322,331,338,335,323,344,278,272,289,341],[240,283,241,334,285,309,310,242,273,286,305,263,274,339,269,243,258,320,301,251,337,267,313,264,336,266,246,247,245,332,342,248,330,254,280,261,327,308,270,314,299,262,259,338,288,317,271,300,278,292,272,289,341],[340,257,252,245,332,303,296,265,249,304,250,290,307,326,255,318,306,321,282,260,330,291,284,253,254,280,295,277,293,279,261,327,315,308,270,314,299,287,262,259,333,297,322,331,288,317,271,300,275,323,344,319,292,272,341],[240,283,241,334,309,310,242,273,286,263,274,339,269,325,243,258,267,313,294,264,266,303,296,265,249,304,290,307,326,255,254,280,261,327,311,315,270,314,324,287,262,259,297,338,335,317,271,300,344,278]]
theta = [[1.328776,0.071827,0.000000,0.000000,0.000000,0.000000,-0.019769,0.077398,0.000000,0.983671],[1.063842,-0.009270,0.000000,0.000000,0.000000,0.000000,0.935511,0.102839,0.000000,0.000000],[1.116863,0.009726,0.000000,0.000000,0.000000,0.000000,0.003728,0.829915,0.000000,0.000000],[0.989809,0.008216,0.000000,0.000000,0.000000,0.000000,0.005290,0.069640,0.000000,0.000000],[1.263645,-0.068976,0.000000,0.000000,0.000000,0.000000,0.017167,0.187315,0.000000,0.983671],[1.480832,0.002183,0.000000,0.000000,0.000000,0.000000,-0.027979,0.169339,0.000000,0.000000],[1.313682,0.041985,0.000000,0.000000,0.000000,0.983671,0.102125,0.030782,0.000000,0.000000],[1.181177,0.000939,0.000000,0.000000,0.000000,0.000000,0.082051,0.054625,0.983671,0.000000],[0.953879,-0.023102,0.000000,0.983671,0.000000,0.000000,0.013320,0.044504,0.000000,0.000000]]
alpha = [1.120793,0.931009,0.934374,0.936838,1.088516,1.216302,1.109387,1.033843,0.918855]
runtime = 20.309999
