seed = 4
ll = -547.087952
loss_zeroone = 0.285714
loss_symmetric = 0.228709
fscore = 0.576255
clusters = [[244,340,257,252,328,246,247,281,303,342,248,249,290,307,326,255,318,306,321,282,260,330,291,312,284,253,298,256,295,277,293,279,311,315,324,287,333,297,322,331,275,323,319],[305,339,325,243,258,320,301,276,251,337,302,267,313,294,264,336,266,340,252,296,265,250,290,326,255,318,316,306,321,282,260,330,315,333,322,331,338,335,288,323,292,341],[240,283,241,334,285,309,310,242,273,286,305,263,274,339,269,325,243,258,320,301,276,251,337,302,267,313,294,264,336,266,291,312,284,253,298,256,295,277,293,279,335],[339,325,243,320,301,276,251,302,267,264,336,244,266,340,257,252,328,246,247,245,332,281,342,248,318,316,321,282,260,330,254,280,261,327,308,270,314,299,262,259,338,335,288,317,271,300,275,319,278,292,272,289,341],[240,283,241,334,285,309,310,242,273,286,305,263,274,339,269,340,245,332,303,296,265,249,304,250,290,307,326,255,306,298,256,254,280,261,327,311,315,308,270,314,299,324,287,262,259,333,297,322,331,317,271,300,344,278,272,289]]
theta = [[1.436103,0.000457,0.000000,0.000000,0.000000,0.978228,-0.055666,0.167029,0.000000,0.000000],[1.113593,-0.081850,0.000000,0.978228,0.000000,0.000000,-0.048281,0.083398,0.000000,0.000000],[1.663658,0.167452,0.000000,0.978228,0.000000,0.000000,0.128701,0.288747,0.000000,0.000000],[1.119768,-0.077723,0.000000,0.000000,0.000000,0.000000,-0.091211,0.025301,0.000000,0.978228],[1.410602,-0.000057,0.000000,0.000000,0.000000,0.000000,0.195681,0.207741,0.978228,0.000000]]
alpha = [1.114381,0.937060,1.269209,0.951963,1.104241]
runtime = 14.350000
