seed = 0
ll = -1032.966797
loss_zeroone = 0.247619
loss_symmetric = 0.358696
fscore = 0.440678
clusters = [[339,325,243,320,301,276,251,302,267,264,336,266,335]]
theta = [[1.694397,-0.042611,0.000000,0.000000,0.000000,0.000000,0.024226,0.124009,0.000000,0.995464]]
alpha = [1.747015]
runtime = 1.760000
