seed = 4
ll = -746.391846
loss_zeroone = 0.279365
loss_symmetric = 0.264250
fscore = 0.536803
clusters = [[305,339,325,243,320,301,276,251,302,267,313,264,336,244,266,340,257,252,303,249,290,307,326,255,318,306,321,282,260,330,311,315,324,287,333,297,322,331,335,275],[240,283,241,334,285,309,310,242,273,286,305,263,274,339,269,291,312,284,253,298,256,295,277,293,279],[283,241,334,242,263,339,269,325,243,258,320,301,276,251,337,302,267,313,294,264,336,266,246,247,281,342,248,254,280,261,327,308,270,314,299,262,259,338,335,317,271,300,272]]
theta = [[1.304459,-0.031307,0.000000,0.000000,0.000000,0.981856,-0.023269,0.235372,0.000000,0.000000],[1.557855,0.126185,0.000000,0.981856,0.000000,0.000000,0.160115,0.227024,0.000000,0.000000],[1.156656,0.008543,0.000000,0.981856,0.000000,0.000000,-0.058117,-0.001182,0.000000,0.000000]]
alpha = [1.179800,1.343140,1.084985]
runtime = 25.780157
