seed = 1
ll = -463.227295
loss_zeroone = 0.323810
loss_symmetric = 0.257229
fscore = 0.543838
clusters = [[240,283,241,334,285,309,310,242,273,286,305,263,274,339,269,325,243,258,320,301,276,251,337,302,267,313,294,264,336,266,246,247,281,342,248,316,291,312,284,253,298,256,295,277,293,279,338,335,288,292],[240,283,241,334,285,309,310,242,305,263,339,269,325,243,258,320,301,276,251,337,302,267,313,294,264,336,266,245,332,250,306,330,298,256,254,280,261,327,308,270,314,299,262,259,335,317,271,300,278,272,289,341],[339,325,243,320,301,276,251,337,302,267,264,336,244,266,340,257,252,328,303,249,290,326,255,318,306,321,260,330,254,280,261,327,311,315,270,314,324,287,262,259,333,322,331,338,335,288,317,271,300,275,323,319,278,292,341],[283,241,334,242,273,286,305,263,274,339,269,243,320,301,276,251,337,267,313,294,264,336,244,340,257,328,303,249,304,250,290,307,326,255,316,306,282,311,315,324,287,333,297,322,331,323,344,319],[240,283,241,334,285,309,310,242,273,286,305,263,274,339,269,244,340,257,252,328,245,332,296,265,326,255,318,321,282,260,330,291,312,284,253,298,256,295,277,293,279,311,315,324,287,262,259,333,297,322,317,271,300,275,323,319],[340,252,246,247,281,303,342,248,296,265,249,304,250,290,307,326,255,318,306,321,282,260,330,291,312,284,253,298,256,254,280,295,277,293,279,261,327,315,308,270,314,299,287,333,297,322,331,288,275,344,278,292,272,289,341],[325,243,258,320,301,251,302,267,313,294,264,266,246,247,245,332,281,303,342,248,296,265,249,304,290,307,326,255,316,254,280,261,327,311,315,308,270,314,299,324,262,259,333,297,331,338,335,317,271,300,344,272,289]]
theta = [[1.521168,0.973538,0.000000,0.000000,0.000000,0.000000,-0.006543,0.170885,0.000000,0.000000],[1.188815,-0.000003,0.000000,0.000000,0.000000,0.978228,-0.042572,0.005934,0.000000,0.000000],[1.145567,0.000039,0.978228,0.000000,0.000000,0.000000,-0.059327,0.129098,0.000000,0.000000],[1.099641,0.005199,0.000000,0.000000,0.000000,0.000000,0.782930,0.173660,0.000000,0.000000],[1.467185,-0.000064,0.000000,0.978228,0.000000,0.000000,0.150908,0.278084,0.000000,0.000000],[1.452417,0.035143,0.000000,0.000000,0.978228,0.000000,0.181753,0.069922,0.000000,0.000000],[1.164429,0.030729,0.000000,0.000000,0.000000,0.000000,0.035626,0.036803,0.000000,0.978228]]
alpha = [1.255245,1.029392,1.014579,0.867527,1.212147,1.189426,1.018138]
runtime = 17.930000
