seed = 3
ll = -86.720924
loss_zeroone = 0.286792
loss_symmetric = 0.248409
fscore = 0.487770
clusters = [[24760,24763,24776,24779,24805,24796,24808,24761,24767,24795,24793,24762,24791,24797,24781,24786,24807,24778,24766,24773,24787,24798,24803,24782],[24759,24784,24810,24760,24763,24776,24779,24774,24805,24796,24808,24761,24767,24795,24793,24762,24764,24797,24781,24786,24807,24778,24768,24800,24771,24790,24811,24794,24787,24777,24802],[24793,24762,24791,24797,24781,24786,24778,24766,24773,24800,24771,24790,24811,24787,24798,24777,24803,24782,24802,24809],[24760,24763,24776,24779,24774,24805,24796,24808,24761,24767,24793,24762,24764,24791,24797,24786,24807,24778,24801,24766,24770,24772,24789],[24759,24784,24810,24760,24763,24776,24779,24774,24805,24796,24761,24767,24795,24764,24807,24801,24768,24773,24800,24771,24790,24811,24794,24787,24798,24777,24803,24782,24802,24809],[24760,24763,24776,24779,24774,24805,24796,24808,24770,24772,24789,24773,24800,24811,24794,24798,24803,24782],[24759,24784,24810,24760,24763,24776,24774,24805,24808,24793,24762,24791,24781,24786,24778,24768,24770,24772,24789,24771,24790,24777,24802,24809],[24759,24784,24810,24808,24761,24767,24795,24793,24764,24791,24801,24766,24773,24800,24811,24794,24787,24798,24803,24782],[24784,24763,24779,24761,24767,24795,24793,24762,24764,24791,24797,24781,24786,24807,24778,24801,24768,24766,24770,24772,24789]]
theta = [[0.978158,0.000000,0.035574,0.000000,0.001674,0.032460,0.000000,0.967958,0.009972,0.009972],[0.945513,0.000000,0.006963,0.000000,0.962210,-0.053687,0.000000,0.000000,0.008698,0.008698],[1.172725,0.000000,0.014920,0.000000,1.004909,0.110389,0.000000,0.000000,0.006453,0.006453],[1.062202,0.000000,0.022394,0.000000,0.000081,0.105771,0.000000,0.967958,-0.004792,-0.004792],[1.335613,0.000000,-0.000312,0.967958,0.106497,-0.004358,0.000000,0.000000,0.013707,0.013707],[1.042576,0.000000,0.020709,0.000000,0.135836,0.980958,0.000000,0.000000,0.000000,0.000000],[1.006159,0.000000,0.882020,0.000000,0.006560,0.023130,0.000000,0.000000,-0.002006,-0.002006],[1.035265,0.000000,0.035254,0.000000,0.960891,0.027946,0.000000,0.000000,0.009783,0.009783],[1.100631,0.000000,0.025347,0.000000,-0.006421,0.005045,0.000000,0.000000,-0.000478,0.958582]]
alpha = [0.954301,0.916004,1.051353,0.996201,1.146046,0.984752,0.951716,0.957018,1.029231]
runtime = 1.040000
