seed = 0
ll = -208.031616
loss_zeroone = 0.160377
loss_symmetric = 0.139773
fscore = 0.637681
clusters = [[24760,24763,24776,24779,24774,24805,24796,24808,24761,24767,24795,24793,24764,24807],[24793,24762,24791,24797,24781,24786,24778,24766,24773,24800,24811,24794,24787,24798,24803,24782]]
theta = [[1.395881,0.000000,0.902332,0.000000,0.149632,0.150737,0.000000,0.000000,0.075071,0.075071],[1.277001,0.967958,0.117130,0.000000,0.237227,0.265604,0.000000,0.000000,0.073334,0.073334]]
alpha = [1.455118,1.389150]
runtime = 0.410000
