seed = 1
ll = -285.298767
loss_zeroone = 0.075472
loss_symmetric = 0.147222
fscore = 0.750000
clusters = [[24760,24763,24776,24779,24774,24805,24796,24808]]
theta = [[1.536431,0.982199,0.107948,0.000000,0.204548,0.212168,0.000000,0.000000,0.178209,0.178209]]
alpha = [1.645136]
runtime = 0.200000
