seed = 4
ll = -105.872612
loss_zeroone = 0.301887
loss_symmetric = 0.263569
fscore = 0.464325
clusters = [[24793,24762,24791,24797,24781,24786,24778,24766,24773,24800,24771,24790,24811,24794,24787,24798,24777,24803,24782,24802,24809],[24760,24763,24776,24779,24774,24805,24796,24808,24761,24767,24795,24807,24773,24800,24771,24790,24811,24794,24777,24803,24782,24802,24809],[24760,24763,24776,24779,24774,24805,24796,24808,24761,24767,24795,24793,24762,24764,24791,24797,24786,24807,24778,24801,24766],[24759,24784,24810,24763,24779,24796,24761,24767,24795,24764,24807,24801,24768,24770,24772,24789,24773,24800,24811,24794,24787,24798,24803,24782],[24760,24763,24776,24779,24774,24805,24796,24808,24793,24791,24766,24770,24772,24789,24773,24800,24794,24787,24798],[24759,24784,24810,24760,24763,24776,24774,24805,24808,24793,24762,24797,24781,24786,24778,24768,24773,24800,24811,24787,24798,24803,24782],[24759,24784,24810,24808,24761,24767,24793,24762,24764,24791,24797,24781,24786,24778,24801,24768,24766,24770,24772,24789,24771,24790,24777,24802,24809]]
theta = [[1.259604,0.000000,0.003542,0.000000,0.172989,0.186170,0.000000,0.000000,-0.000338,0.941634],[1.117829,0.000000,0.066819,0.000000,0.057172,0.174418,0.000000,0.000000,0.942548,-0.000136],[1.307102,0.000000,0.022387,0.000000,0.742629,0.127723,0.000000,0.000000,-0.002241,-0.002241],[1.272712,0.957278,0.027499,0.000000,0.242113,0.066093,0.000000,0.000000,0.000630,0.000630],[0.881256,0.000000,0.909419,0.000000,0.006830,0.091636,0.000000,0.000000,0.001046,0.001046],[0.990143,0.000000,0.045490,0.000000,0.166298,-0.029170,0.000000,0.000000,0.000056,0.943453],[1.244602,0.000000,0.000049,0.000000,0.034991,0.095918,0.000000,0.000000,0.975127,0.000403]]
alpha = [1.026961,0.938712,0.944064,1.042833,0.851307,0.883475,1.023460]
runtime = 0.960000
