seed = 1
ll = -123.891441
loss_zeroone = 0.309434
loss_symmetric = 0.277224
fscore = 0.456559
clusters = [[24760,24763,24776,24779,24774,24805,24796,24808,24761,24767,24795,24793,24764,24807,24801,24773,24800,24811,24794,24787,24798,24803,24782],[24760,24763,24776,24779,24774,24805,24796,24808,24793,24762,24791,24797,24786,24778,24766,24770,24772,24789],[24759,24784,24810,24760,24763,24776,24779,24774,24805,24796,24808,24761,24767,24795,24764,24807,24768,24770,24772,24789,24771,24790,24777,24802,24809],[24759,24784,24810,24793,24762,24791,24797,24781,24786,24778,24768,24766,24773,24800,24771,24790,24811,24794,24787,24798,24777,24803,24782,24802,24809],[24761,24767,24795,24793,24762,24764,24791,24797,24781,24786,24778,24801,24770,24772,24789]]
theta = [[1.455962,0.957278,0.084612,0.000000,0.178414,0.181695,0.000000,0.000000,0.003244,0.003244],[1.016185,0.000000,0.066270,0.000000,0.026043,0.847346,0.000000,0.000000,-0.000332,-0.000332],[1.149764,0.000000,-0.006790,0.000000,0.073898,0.098709,0.957278,0.000000,-0.000264,-0.000264],[1.403260,0.000000,-0.038113,0.000000,0.309006,0.187783,0.000000,0.000000,0.993318,0.004354],[1.180747,0.000000,0.886769,0.000000,-0.012784,0.058205,0.000000,0.000000,-0.000061,-0.000061]]
alpha = [1.187601,0.803349,0.986323,1.204293,0.932101]
runtime = 0.660000
