seed = 0
ll = -7941.100098
loss_zeroone = 0.194906
loss_symmetric = 0.160680
fscore = 0.675706
clusters = [[25048,25064,24859,24981,25101,24888,24900,24873,25105,24911,24905,24860,25003,25122,25130,24953,24892,24963,25149,25092,24984,25139,24972,24930,25013,25016,24970,25072,24875,24935,25075,24941,25038,24992,25029,24868,25044,25144,24956,25131,25103,24934,24929,24882,25157,24982,25014,25100,25050,24971,24944,25154,24975,25030,25126,25078,24889,24998,24864,24916,25111,25019,25022,24908,25080,25028,25027,25000,25091,24938,25026,24943,25006,25040,25129,25107,24996,25108,24985,24917,25052,25012,25008,25117,25142,25115,24861,24960,24974,24962,24967,25119,25089,24928,24980,24865,25079,25152,25047,25070,24869,25015,25088,25037,25062,24993,25041],[24973,24906,25007,25120,25032,24919,24979,25067,25094,24931,24879,25023,25055,24989,24932,25087,25071,25125,24867,25048,25064,24859,25101,24888,24900,24873,25105,24905,24860,25003,25122,25130,24953,24892,24963,25149,25092,24984,24972,25013,25016,25018,24970,24941,25038,24992,24868,25044,24956,25103,24929,24882,25157,24982,24944,25030,25126,25078,24889,24998,24916,25019,25027,25000,25091,25040,24996,24917,24913,25115,24968,25046,25089,24928,25045,24978,24898,24988,24965,24958,25039,24949,25104,25057,24966,24865,25079,24969,25110,24936,25042,25095,25141,24907,25081,25096,24995,25036,25009,25102,24925,24939,25037,24870,24952,25118,24903,25059,24876,25051,25021,24874,24890,25061,24986,24955,24946,25156,24896,24895,25034,24991,24912,24891,24914,24990,25083,24977,24904,25054,25121,24940,25084,25033,24924,24918,24902,25011,24942,25076,25069,24957,24976,24959,25053,24999,25116,25031],[24858,25135,24915,24973,24906,24950,25007,25120,24881,25032,24919,24894,24979,25067,25094,24931,25145,24879,25025,25023,25128,25147,25113,25055,24989,24932,24899,25127,24945,25043,25087,25148,25071,25125,24867,25063,25045,24978,24898,24988,24965,24958,25039,24949,24866,25110,25042,24907,25081,25096,24995,25009,25102,24925,24927,25143,24890,24880,25114,25060,25061,24986,24955,25098,25035,25077,25137,25005,24961,24920,24901,25106,25133]]
theta = [[1.332094,-0.034037,0.000000,0.000000,0.000000,0.000000,0.052352,0.044773,0.000000,0.741008,-0.256619],[0.912306,0.966056,0.000000,0.000000,0.000000,0.000000,-0.033358,0.060707,0.000000,0.001686,0.001686],[1.330767,-0.016388,0.998809,0.000000,0.000000,0.000000,0.091946,0.296993,0.000000,0.149946,0.149946]]
alpha = [1.066097,0.960340,1.240415]
runtime = 1645.812134
