seed = 3
ll = -7461.108398
loss_zeroone = 0.253322
loss_symmetric = 0.194774
fscore = 0.519420
clusters = [[25048,25064,24859,24981,25101,24888,24900,24873,25105,24911,24905,24860,25003,25122,25130,24953,24892,24963,25149,25092,24984,25139,24972,24930,25013,25016,24970,25072,24875,24935,25075,24941,25038,24992,25029,24868,25044,25144,24956,25131,25103,24934,24929,24882,25157,24982,25014,25100,25050,24971,24944,25154,24975,25030,25126,25078,24889,24998,24864,24916,25111,25019,25022,24908,25080,25028,25027,25000,25091,24938,25026,24943,25006,25040,25129,25107,24996,25108,24985,24917,25052,25012,25008,24913,25115,24861,24960,24974,24962,24967,25119,25089,24928,24865,25079,24969,25152,25070,24939,25015,25088,25037,25062,24952,25021,24993,24964,25085,24874,25041,24991,24912,24990,24977,25084],[24858,25135,24915,24973,24906,24950,25007,25120,24881,25032,24919,24894,24979,25067,25094,24931,25145,24879,25025,25023,25128,25147,25113,25055,24989,24932,24899,25127,24945,25043,25087,25148,25071,25125,24867,25040,25063,24968,25046,25045,24978,24898,24988,24965,24958,25039,24949,25104,25057,24866,25110,25042,24907,25081,25096,24995,25036,25009,25102,24925,24927,25143,25118,24903,25059,25051,24890,24880,25114,25060,25061,24986,24955,24946,25156,25034,25098,24914,25137,25005,24961,24904,24924,25132,24920,24901,24902,25011,25106,24942,25076,25069,24957,24976,24959,25053,25151,25133,24999,25116,25068],[25048,25064,24859,25101,24888,24900,24873,25105,24905,24860,25003,25122,25130,24953,24892,24963,25149,24984,24972,24930,25013,25016,25018,24970,24941,25038,24992,25029,24868,25044,24956,25103,24929,25157,24982,25014,24944,25154,25030,25126,25078,24889,24998,25111,25019,24908,25080,25000,25091,25026,24943,25040,25129,24996,24917,25052,25117,25142,25115,24863,24968,25046,25089,24928,25104,25057,24966,24980,24865,25079,24969,25152,25095,25047,24869,24939,25088,24870,25062,25118,24903,25093,25059,24876,25140,25051,24933,24946,25156,24896,24895,25034,25004,24891,24914,24887,25136,25066,25056,25099,25155,25112,25138,25024,25153,24897,25083,24904,25054,25121,24940,24994,24983,24918,24926,25090,25146,25020,24902,25011,24942,25076,25069,24957,24976,24947,24959,25053,24951,25031],[24858,25135,24915,24973,24906,24950,25007,25120,24881,25032,24919,24894,24979,25067,25094,24931,24879,25023,25128,25147,25113,25055,24989,24932,24899,25127,24945,25043,25087,25148,25071,25125,24867,25064,24859,25101,24900,24873,25105,24911,24905,24860,25003,25122,25130,24892,24963,25092,24972,25018,24970,24992,24956,25131,25103,24934,24882,24982,25100,24971,24944,25030,25126,25078,24889,24998,24864,24916,25027,24938,25107,24985,24917,25012,25117,24974,25082,25074,25063,24871,25073,24862,25017,24922,25045,24978,24898,24988,24965,24958,25039,24949,24966,24866,25110,24936,25002,25042,25141,24907,25081,25096,24995,25009,25102,24925,24872,24886,24878,24884,24909,24869,25037,24870,25001,24921,25041,24890,25097,25061,24986,24955,24910,25150,25098,25010,25035,25077,25033,25123,24997,24923,24948,25134]]
theta = [[1.353155,-0.036842,0.000000,0.000000,0.000000,0.000000,0.163915,0.125745,0.998026,0.128210,0.128210],[1.312998,-0.000797,0.000000,0.000000,0.000000,0.000000,0.001902,0.183256,0.998026,0.108865,0.108865],[0.964802,-0.016472,0.000000,0.000000,0.000000,0.000000,0.076980,0.105724,0.000000,-0.012422,-0.012422],[0.980762,-0.019598,0.000000,0.000000,0.000000,0.000000,0.656650,0.122560,0.000000,0.031035,0.031035]]
alpha = [1.167104,1.148848,0.954631,0.767196]
runtime = 524.780029
