seed = 1
ll = -11364.125977
loss_zeroone = 0.182724
loss_symmetric = 0.268489
fscore = 0.630872
clusters = [[25048,25064,24859,25101,24888,24900,24873,25105,24905,24860,25003,25122,25130,24953,24892,24963,25149,25092,24984,24972,24930,25013,24970,24941,24992,25029,24868,25044,24956,25131,25103,24929,24882,25157,24982,25014,25100,24944,25154,25030,25126,25078,24889,24998,24916,25111,25019,25027,25091,24943,25129,25107,24917,25012,25115,25089,25037]]
theta = [[1.480750,-0.010999,0.000000,0.000000,0.999504,0.000000,0.024924,0.276498,0.000000,0.058469,0.058469]]
alpha = [1.603529]
runtime = 58.849998
