seed = 0
ll = -1560.168701
loss_zeroone = 0.089431
loss_symmetric = 0.100000
fscore = 0.888889
clusters = [[25163,25269,25248,25175,25245,25169,25241,25218,25273,25274,25216,25276,25260,25208,25205,25174,25176,25262,25215,25282,25252,25270,25265,25233,25222,25194,25196,25249,25234,25198,25199,25168,25184,25244,25212,25235,25223,25179,25206,25190,25224,25268,25277,25204]]
theta = [[1.330838,-0.010454,0.027564,0.051338,0.051338,0.000000,0.094369,0.094369,0.005115,0.014477,0.014477,-0.024780,-0.023543,0.050548,1.008479,0.008545,0.014617,0.014617,0.082517,0.082517,-0.040114,0.000000,0.000000,0.083297,0.083297,0.000000,0.005370,0.005370,0.106859,0.000000,0.000000,-0.103350,-0.103350,0.000000,-0.027769,-0.103350,-0.103350,0.080684,-0.000013,0.012280,0.000000,0.000000,0.000000,0.000000,0.000000,0.000000,0.000000,0.000000,0.000000,0.000000,0.000000,0.000000,0.000000,0.000000,0.000000,0.000000,0.000000,0.000000,0.000000,0.103018,0.103018]]
alpha = [2.050586]
runtime = 1.670000
