seed = 1
ll = -1184.604248
loss_zeroone = 0.245935
loss_symmetric = 0.200855
fscore = 0.588974
clusters = [[25163,25269,25248,25175,25245,25169,25241,25218,25273,25274,25216,25276,25260,25208,25205,25174,25176,25262,25215,25282,25252,25270,25265,25233,25222,25194,25196,25249,25234,25198,25199,25168,25184,25244,25212,25235,25223,25179,25206,25190,25224,25268,25277,25204,25255,25202,25231,25267,25243,25256,25187],[25163,25269,25248,25175,25245,25169,25218,25273,25274,25216,25276,25260,25208,25205,25174,25176,25252,25270,25265,25233,25194,25196,25249,25234,25198,25199,25168,25184,25244,25212,25235,25223,25179,25206,25190,25268,25177,25226,25275],[25163,25269,25175,25245,25169,25241,25218,25216,25208,25174,25176,25262,25215,25252,25270,25222,25194,25249,25198,25212,25235,25167,25179,25206,25224,25268,25277,25204,25226,25261,25178,25259,25214,25254,25230,25240,25183,25229,25272,25236,25279,25278],[25161,25280,25171,25207,25221,25246,25180,25251,25163,25245,25218,25216,25276,25208,25205,25176,25262,25215,25282,25270,25222,25196,25199,25184,25244,25235,25223,25179,25164,25190,25224,25268,25247,25242,25257,25172,25203,25255,25226,25213,25197,25173,25192,25186,25193,25219,25191,25201,25225,25209,25263,25200,25275,25231,25254,25217,25267,25271,25238,25272]]
theta = [[1.070192,-0.131481,0.050744,0.205601,0.205601,0.000000,0.081935,0.081935,-0.005927,0.090358,0.090358,0.036271,0.152704,0.049373,0.005776,0.005776,0.006460,0.006460,0.004284,0.004284,-0.021222,0.000000,0.000000,-0.062553,-0.062553,0.000000,-0.034265,-0.034265,0.136711,0.000000,0.000000,-0.160258,-0.160258,0.000000,-0.085396,-0.160258,-0.160258,0.049824,-0.012330,0.009294,0.000000,0.000000,0.000000,0.000000,0.000000,0.000000,0.000000,0.000000,0.986119,0.000000,0.000000,0.000000,0.000000,0.000000,0.000000,0.000000,0.000000,0.000000,0.000000,0.000194,0.000194],[0.887487,-0.124255,-0.000034,0.100329,0.100329,0.000000,0.167618,0.167618,0.071546,0.076421,0.076421,0.079099,0.074728,0.060957,0.004768,0.004768,-0.025508,-0.025508,0.003868,0.003868,-0.057441,0.000000,0.000000,-0.058368,-0.058368,0.000000,-0.031781,-0.031781,0.014646,0.000000,0.000000,-0.151224,-0.151224,0.000000,-0.011035,-0.151224,-0.151224,0.032025,-0.010777,0.021435,0.000000,0.000000,0.000000,0.000000,0.000000,0.000000,0.000000,0.986119,0.000000,0.000000,0.000000,0.000000,0.000000,0.000000,0.000000,0.000000,0.000000,0.000000,0.000000,0.000149,0.000149],[0.771009,-0.116820,-0.026528,0.178990,0.178990,0.000000,0.132970,0.132970,-0.000880,-0.071748,-0.071748,0.201719,0.100981,0.014405,0.004326,0.004326,-0.050990,-0.050990,-0.017945,0.954360,-0.068185,0.000000,0.000000,-0.056584,-0.056584,0.000000,-0.028264,-0.028264,0.169293,0.000000,0.000000,-0.145494,-0.145494,0.000000,-0.071926,-0.145494,-0.145494,0.008075,-0.010166,-0.036031,0.000000,0.000000,0.000000,0.000000,0.000000,0.000000,0.000000,0.000000,0.000000,0.000000,0.000000,0.000000,0.000000,0.000000,0.000000,0.000000,0.000000,0.000000,0.000000,0.000055,0.000055],[0.978667,-0.109125,0.018491,-0.030093,-0.030093,0.000000,0.001081,0.001081,0.105724,-0.084897,-0.084897,-0.020990,0.021610,0.079931,0.002620,0.002620,-0.023271,-0.023271,0.002640,0.002640,0.088588,0.000000,0.000000,-0.000008,-0.000008,0.000000,-0.026540,-0.026540,0.093861,0.000000,0.000000,-0.132164,0.840141,0.000000,-0.020242,-0.132164,-0.132164,0.007261,0.001294,0.103779,0.000000,0.000000,0.000000,0.000000,0.000000,0.000000,0.000000,0.000000,0.000000,0.000000,0.000000,0.000000,0.000000,0.000000,0.000000,0.000000,0.000000,0.000000,0.000000,-0.084530,-0.084530]]
alpha = [1.203684,1.104610,1.069945,0.889014]
runtime = 19.580000
