seed = 3
ll = -1229.127930
loss_zeroone = 0.219512
loss_symmetric = 0.162588
fscore = 0.677329
clusters = [[25163,25269,25248,25175,25245,25169,25241,25218,25273,25274,25216,25276,25260,25208,25205,25174,25176,25262,25215,25282,25252,25270,25265,25233,25222,25194,25196,25249,25234,25198,25199,25168,25184,25244,25212,25235,25223,25179,25206,25190,25224,25268,25277,25204,25226,25267],[25251,25163,25269,25175,25245,25169,25241,25218,25273,25216,25276,25260,25208,25205,25174,25176,25215,25270,25265,25233,25194,25249,25199,25168,25184,25244,25212,25235,25223,25179,25206,25190,25268,25177,25255,25173,25192,25186,25193,25219,25191,25201,25225,25209,25263,25200,25275,25202,25231,25243,25187],[25161,25280,25171,25207,25221,25246,25180,25163,25248,25175,25245,25169,25218,25274,25216,25208,25205,25174,25176,25262,25282,25252,25270,25222,25196,25198,25235,25167,25179,25206,25164,25224,25268,25211,25247,25242,25257,25172,25203,25204,25255,25213,25197,25275,25231,25254,25230,25217,25271,25238,25256,25272,25278]]
theta = [[1.160763,-0.113882,0.061132,0.174514,0.174514,0.000000,0.233197,0.233197,0.072025,0.129097,0.129097,0.049098,-0.011341,0.082892,0.014087,0.014087,0.006566,0.006566,0.000970,0.000970,-0.004873,0.000000,0.000000,-0.046248,-0.046248,0.000000,-0.043955,-0.043955,0.109641,0.000000,0.000000,-0.099588,-0.099588,0.000000,-0.032916,-0.099588,-0.099588,0.066509,-0.002362,0.012021,0.000000,0.000000,0.000000,0.000000,0.000000,0.000000,0.000000,0.000000,0.000000,0.000000,0.000000,0.000000,0.000000,0.000000,0.000000,0.000000,0.000000,0.990746,0.000000,-0.103068,-0.103068],[0.929647,-0.095926,-0.000681,0.071815,0.071815,0.000000,0.053051,0.053051,0.043327,0.067193,0.067193,-0.000403,0.010839,0.089026,0.011410,0.011410,0.010321,0.010321,0.000691,0.000691,-0.001267,0.000000,0.000000,-0.037718,-0.037718,0.000000,-0.036140,-0.036140,0.023905,0.000000,0.000000,-0.083868,-0.083868,0.000000,-0.042738,-0.083868,-0.083868,0.000067,-0.003366,-0.002147,0.000000,0.000000,0.000000,0.000000,0.000000,0.000000,0.000000,0.000000,0.000000,0.000000,0.000000,0.000000,0.000000,0.000000,0.000000,0.000000,0.000000,0.000000,0.000000,0.895529,-0.086162],[0.890847,0.856756,-0.012134,0.115995,0.115995,0.000000,0.071058,0.071058,0.028744,-0.106653,-0.106653,0.193131,0.215546,0.068816,0.011397,0.011397,-0.040189,-0.040189,0.000492,0.000492,-0.118533,0.000000,0.000000,-0.022858,-0.022858,0.000000,-0.036483,-0.036483,0.087421,0.000000,0.000000,-0.112624,-0.112624,0.000000,-0.073155,-0.112624,-0.112624,0.007678,-0.001178,0.040799,0.000000,0.000000,0.000000,0.000000,0.000000,0.000000,0.000000,0.000000,0.000000,0.000000,0.000000,0.000000,0.000000,0.000000,0.000000,0.000000,0.000000,0.000000,0.000000,-0.132943,-0.132943]]
alpha = [1.396873,1.066245,1.106933]
runtime = 43.123863
