seed = 1
ll = -1384.049927
loss_zeroone = 0.182927
loss_symmetric = 0.173188
fscore = 0.780983
clusters = [[25163,25269,25248,25175,25245,25169,25241,25218,25273,25274,25216,25276,25260,25208,25205,25174,25176,25262,25215,25282,25252,25270,25265,25233,25222,25194,25196,25249,25198,25168,25184,25244,25212,25235,25223,25179,25206,25190,25224,25268,25277,25204,25255,25231],[25163,25269,25175,25245,25169,25218,25216,25276,25208,25205,25174,25176,25262,25252,25270,25233,25194,25196,25234,25198,25199,25184,25244,25235,25223,25179,25206,25190,25224,25268,25226,25275,25254,25267,25272]]
theta = [[1.226439,-0.024222,-0.003492,0.132891,0.132891,0.000000,0.083935,0.083935,0.070057,0.064030,0.064030,0.048682,0.101680,0.073361,0.014868,0.014868,0.038580,0.038580,0.020276,0.020276,-0.002038,0.000000,0.000000,0.009885,0.009885,0.000000,-0.002730,-0.002730,0.143665,0.000000,0.000000,-0.052747,-0.052747,0.000000,-0.001160,-0.052747,-0.052747,0.031119,-0.005699,0.012016,0.000000,0.000000,0.000000,0.000000,0.000000,0.000000,0.000000,0.000000,0.996034,0.000000,0.000000,0.000000,0.000000,0.000000,0.000000,0.000000,0.000000,0.000000,0.000000,0.009048,0.009048],[1.042084,-0.022310,0.008054,0.066813,0.066813,0.000000,0.125851,0.125851,0.048187,-0.014415,-0.014415,0.081392,0.065881,0.071152,0.013920,0.013920,-0.017924,-0.017924,0.019154,0.019154,-0.005362,0.000000,0.000000,0.009758,0.009758,0.000000,-0.002447,-0.002447,0.112534,0.000000,0.000000,-0.049339,-0.049339,0.000000,-0.027329,-0.049339,-0.049339,0.002072,-0.005081,0.062070,0.000000,0.000000,0.000000,0.000000,0.000000,0.000000,0.000000,0.996034,0.000000,0.000000,0.000000,0.000000,0.000000,0.000000,0.000000,0.000000,0.000000,0.000000,0.000000,0.009292,0.009292]]
alpha = [1.285053,1.174457]
runtime = 4.070000
