seed = 4
ll = -2083.498291
loss_zeroone = 0.107914
loss_symmetric = 0.137889
fscore = 0.838710
clusters = [[25702,25581,25619,25689,25574,25693,25653,25621,25679,25571,25607,25605,25703,25671,25707,25640,25618,25595,25672,25664,25690,25706,25615,25670,25576,25654,25692,25697,25575,25580,25628,25627,25646,25608,25620,25582,25589,25631,25680,25644]]
theta = [[1.092497,0.072407,0.150880,-0.081838,-0.081838,0.000000,0.000000,0.000000,0.005656,-0.019552,-0.019552,0.073055,0.000000,0.000000,0.000000,0.005002,0.000000,0.116385,0.000000,0.000000,0.000000,0.137832,-0.057542,-0.031068,0.066610,0.013055,0.013055,0.108027,0.108027,0.284960,0.284960]]
alpha = [2.486278]
runtime = 6.040000
