seed = 3
ll = -1269.075684
loss_zeroone = 0.196043
loss_symmetric = 0.147071
fscore = 0.660588
clusters = [[25569,25702,25581,25619,25689,25574,25693,25653,25621,25679,25571,25678,25607,25605,25703,25671,25707,25696,25640,25618,25595,25604,25672,25664,25690,25706,25615,25670,25576,25654,25692,25697,25575,25580,25628,25627,25646,25608,25603,25620,25582,25589,25583,25631,25573,25680,25644,25577,25650,25681,25634],[25702,25581,25574,25693,25653,25621,25679,25571,25607,25624,25671,25707,25604,25672,25664,25690,25576,25654,25697,25575,25580,25627,25646,25608,25620,25582,25589,25583,25601,25657,25625,25572,25610,25674,25687,25656,25639,25680,25577,25650,25586,25599,25675,25598,25643,25701,25622,25695,25626,25705,25629,25636,25685],[25619,25689,25574,25571,25624,25703,25671,25696,25640,25618,25595,25664,25706,25615,25670,25654,25692,25697,25580,25628,25608,25603,25620,25631,25652,25673,25578,25637,25635,25682,25644,25655,25606,25613,25590,25632,25683,25663,25611,25647,25691,25623,25630,25614],[25619,25689,25570,25584,25641,25596,25698,25677,25640,25618,25595,25706,25615,25580,25603,25631,25601,25657,25625,25572,25610,25674,25687,25656,25639,25682,25681,25585,25617,25660,25655,25606,25586,25599,25675,25676,25684,25666,25686,25598,25643,25701,25622,25695,25626,25705,25629,25588,25636,25665,25688,25592,25594,25662,25659,25649]]
theta = [[1.305787,-0.001501,0.127810,0.004505,0.004505,0.000000,0.000000,0.000000,0.120345,0.080804,0.080804,0.142197,0.000000,0.000000,0.000000,0.037406,0.000000,0.154477,0.993792,0.000000,0.000000,0.289729,0.264358,0.091274,0.063613,0.007272,0.007272,-0.000003,-0.000003,0.013854,0.013854],[1.107205,-0.000916,0.101460,0.048104,0.048104,0.993792,0.000000,0.000000,0.037083,0.074441,0.074441,0.012188,0.000000,0.000000,0.000000,-0.002899,0.000000,0.000449,0.000000,0.000000,0.000000,-0.020086,-0.002774,-0.017340,-0.002148,0.005395,0.005395,0.000015,0.000015,0.012192,0.012192],[1.093271,-0.000983,0.116908,0.032258,0.032258,0.000000,0.000000,0.000000,0.008024,0.038028,0.038028,0.060150,0.000000,0.000000,0.000000,-0.055636,0.000000,-0.046138,0.000000,0.000000,0.000000,0.125988,0.131498,-0.015659,0.002451,-0.081998,-0.081998,0.000040,0.000040,0.012476,0.012476],[1.139700,-0.000888,0.069573,0.049446,0.049446,0.000000,0.000000,0.000000,0.074165,0.066725,0.066725,-0.033680,0.993792,0.000000,0.000000,-0.026994,0.000000,0.008851,0.000000,0.000000,0.000000,-0.004583,0.001179,-0.001521,0.017347,0.043007,0.043007,-0.000023,-0.000023,0.007543,0.007543]]
alpha = [1.141262,0.969313,0.986040,0.992811]
runtime = 22.709999
