seed = 1
ll = -1401.608887
loss_zeroone = 0.189449
loss_symmetric = 0.132013
fscore = 0.692629
clusters = [[25569,25702,25581,25619,25689,25574,25693,25653,25621,25679,25571,25678,25607,25605,25671,25707,25640,25618,25595,25604,25672,25664,25690,25706,25615,25670,25576,25654,25692,25697,25575,25580,25628,25627,25646,25608,25603,25620,25582,25589,25583,25631,25680,25644,25577,25650,25606],[25702,25581,25574,25693,25653,25621,25679,25571,25607,25570,25584,25641,25596,25698,25677,25624,25605,25703,25671,25707,25696,25672,25664,25690,25670,25576,25654,25697,25575,25580,25628,25627,25646,25608,25620,25582,25589,25573,25578,25637,25635,25680,25585,25617,25660,25634,25655,25676,25684,25666,25686,25588,25665,25688,25592,25594,25623,25685,25659,25649],[25619,25689,25574,25571,25624,25703,25671,25696,25640,25618,25595,25664,25706,25615,25654,25692,25580,25608,25603,25620,25631,25601,25657,25625,25572,25610,25674,25687,25656,25639,25682,25644,25681,25655,25586,25599,25675,25598,25643,25701,25622,25695,25626,25705,25629,25636]]
theta = [[1.263431,-0.000982,0.147438,-0.075559,-0.075559,0.000000,0.000000,0.000000,0.019753,0.008459,0.008459,0.204248,0.000000,0.000000,0.000000,0.058558,0.000000,0.094193,0.000000,0.000000,0.991722,0.369230,0.348562,0.097752,0.094522,-0.046929,-0.046929,0.001238,0.001238,0.028076,0.028076],[0.932227,-0.000022,0.198657,-0.326619,0.656870,0.000000,0.000000,0.000000,-0.072572,-0.015550,-0.015550,0.050520,0.000000,0.000000,0.000000,-0.006697,0.000000,0.023025,0.000000,0.000000,0.000000,0.117651,0.093517,-0.005707,-0.005353,-0.087690,-0.087690,0.000007,0.000007,0.020282,0.020282],[1.324726,-0.000722,0.138490,0.160807,0.160807,0.000000,0.000000,0.000000,0.131264,0.114810,0.114810,-0.002276,0.000000,0.991722,0.000000,-0.079249,0.000000,0.050627,0.000000,0.000000,0.000000,0.021663,0.029108,-0.007357,-0.010746,0.017907,0.017907,0.000962,0.000962,0.026139,0.026139]]
alpha = [1.357758,0.888538,1.247688]
runtime = 57.036671
