seed = 1
ll = -1556.525513
loss_zeroone = 0.014388
loss_symmetric = 0.015248
fscore = 0.981132
clusters = [[25569,25702,25581,25619,25689,25574,25693,25653,25621,25679,25571,25678,25607,25624,25605,25703,25671,25707,25696,25640,25618,25595,25604,25672,25664,25690,25706,25615,25670,25576,25654,25692,25697,25575,25580,25628,25627,25646,25608,25603,25620,25582,25589,25583,25631,25682,25680,25644,25577,25650,25681,25655,25606],[25601,25657,25625,25572,25610,25674,25687,25656,25639,25586,25599,25675,25598,25643,25701,25622,25695,25626,25705,25629,25636]]
theta = [[1.384179,0.003190,0.112671,0.071652,0.071652,0.000000,0.000000,0.000000,0.114794,0.052643,0.052643,0.135044,0.000000,0.000000,0.000000,0.045297,0.000000,0.109015,0.000000,0.000000,0.995344,0.189308,0.172825,0.083625,0.110555,0.024230,0.024230,0.002339,0.002339,0.040065,0.040065],[1.395439,0.002617,0.266975,-0.235343,0.755392,0.000000,0.000000,0.000000,0.078947,0.171096,0.171096,-0.084135,0.000000,0.000000,0.000000,-0.049177,0.000000,0.154061,0.000000,0.000000,0.000000,0.058200,0.050693,0.032811,-0.008474,0.063320,0.063320,0.001857,0.001857,0.035761,0.035761]]
alpha = [1.290219,1.134040]
runtime = 6.860000
