seed = 3
ll = -1126.571533
loss_zeroone = 0.247482
loss_symmetric = 0.155924
fscore = 0.594575
clusters = [[25569,25702,25581,25619,25689,25574,25693,25653,25621,25679,25571,25678,25607,25605,25703,25671,25707,25696,25640,25618,25595,25604,25672,25664,25690,25706,25615,25670,25576,25654,25692,25697,25575,25580,25628,25627,25646,25608,25603,25620,25582,25589,25631,25573,25682,25680,25644,25577,25650,25681,25634,25655,25606,25685],[25702,25581,25574,25693,25653,25621,25679,25571,25678,25607,25570,25584,25641,25596,25698,25677,25624,25605,25671,25707,25672,25664,25690,25670,25576,25697,25580,25628,25627,25608,25620,25582,25589,25583,25601,25657,25625,25572,25610,25674,25687,25656,25639,25680,25577,25650,25586,25599,25675,25598,25643,25701,25622,25695,25626,25705,25629,25636],[25619,25689,25574,25571,25570,25584,25641,25596,25698,25677,25624,25703,25671,25696,25640,25618,25595,25664,25706,25615,25670,25654,25692,25575,25580,25608,25603,25620,25583,25631,25652,25673,25578,25637,25635,25682,25644,25681,25655,25606,25613,25590,25632,25638,25683,25663,25658,25616,25647,25691,25623,25694,25614,25700,25699,25645,25668,25704],[25619,25689,25703,25640,25618,25706,25615,25580,25608,25631,25601,25657,25625,25572,25610,25674,25687,25656,25639,25578,25637,25635,25681,25585,25617,25660,25586,25612,25599,25675,25676,25684,25666,25686,25598,25643,25701,25622,25695,25626,25705,25629,25588,25636,25665,25651,25688,25592,25609,25594,25623,25662,25659,25642,25649],[25569,25702,25581,25689,25574,25693,25653,25621,25679,25571,25607,25624,25671,25707,25618,25595,25604,25672,25664,25690,25615,25576,25654,25692,25697,25575,25580,25628,25627,25646,25608,25620,25589,25583,25631,25652,25673,25680,25644,25585,25617,25660,25676,25684,25666,25686,25613,25590,25632,25588,25688,25592,25663,25611,25594,25647,25691,25630,25614,25659]]
theta = [[1.233805,-0.001669,0.066914,0.069922,0.069922,0.000000,0.000000,0.000000,0.070020,0.042287,0.042287,0.211799,0.000000,0.000000,0.000000,0.044549,0.000000,0.092679,0.988618,0.000000,0.000000,0.487715,0.449641,0.142278,0.159769,-0.016245,-0.016245,0.003186,0.003186,0.008847,0.008847],[1.182835,-0.000648,0.184412,0.090154,0.090154,0.988618,0.000000,0.000000,0.045771,0.100620,0.100620,-0.012559,0.000000,0.000000,0.000000,0.047888,0.000000,0.031415,0.000000,0.000000,0.000000,0.023586,0.067124,0.011873,0.046688,0.030172,0.030172,0.002029,0.002029,0.007402,0.007402],[1.031233,0.002353,0.051170,0.063691,0.063691,0.000000,0.000000,0.000000,0.035082,0.033385,0.033385,0.145648,0.000000,0.000000,0.000000,-0.050771,0.000000,-0.008554,0.000000,0.000000,0.000000,0.201799,0.208414,0.000040,-0.028505,-0.090897,-0.090897,-0.000024,-0.000024,0.006964,0.006964],[1.281252,-0.000925,0.161583,0.054115,0.054115,0.000000,0.000000,0.000000,0.163474,0.204126,0.204126,-0.060154,0.988618,0.000000,0.000000,-0.085830,0.000000,0.056525,0.000000,0.000000,0.000000,-0.054894,-0.038812,-0.067459,-0.099825,0.036992,0.036992,-0.000073,-0.000073,-0.000012,-0.000012],[0.821674,-0.000029,0.702479,-0.079197,-0.079197,0.000000,0.000000,0.000000,-0.114293,-0.013260,-0.013260,0.152268,0.000000,0.000000,0.000000,0.007720,0.000000,0.037075,0.000000,0.000000,0.000000,0.024400,-0.009931,0.080823,0.047389,0.028700,0.028700,0.000267,0.000267,0.003358,0.003358]]
alpha = [1.191695,0.955798,0.960645,1.029401,0.681416]
runtime = 29.490000
