seed = 0
ll = -4376.256836
loss_zeroone = 0.153061
loss_symmetric = 0.236956
fscore = 0.654272
clusters = [[25774,25852,25912,25795,25925,25813,25924,25947,25970,25836,25850,25902,25905,25963,25821,25953,25883,26005,25793,25932,25835,25834,25943,25952,25839,25859,25783,26017,25901,25941,25827,25957,25899,25868,25992,25823,25856,25923,25815,25910,25884,25882,25940,25906,25986,25955,25828,25845,25857,25790,25981,25990,25988,25949,25928,25865,25860,25937],[25852,25795,25896,25925,25787,25947,25850,26005,25932,25839,25957,25992,25778,25979,25911,25847,25882,25955,25801,25817,25857,25990,25872,26009,25865,25854,25985,25808,26007,25898,25799,25861,26002,25980,25814,25950,25984,25964,25830,26001]]
theta = [[1.353535,0.000000,0.099857,0.000000,0.014979,0.013298,0.049469,0.017335,0.017335,0.014589,0.014589,0.000000,0.000000,0.000000,0.125708,0.000038,0.000038,0.998598,0.000000,-0.014225,-0.014225],[1.254998,0.000000,0.049363,0.000000,0.015187,0.013613,0.045748,0.017164,0.017164,0.030758,0.030758,0.000000,0.000000,0.000000,0.038951,0.000042,1.000025,0.000000,0.000000,0.048353,0.048353]]
alpha = [1.370956,1.308259]
runtime = 89.599998
