seed = 4
ll = -5096.566895
loss_zeroone = 0.122449
loss_symmetric = 0.211046
fscore = 0.705882
clusters = [[25774,25852,25912,25795,25925,25924,25947,25970,25836,25850,25902,25963,25821,25953,25883,26005,25793,25932,25835,25834,25943,25952,25859,25783,26017,25901,25941,25827,25957,25899,25868,25992,25823,25856,25923,25815,25882,25906,25986,25955,25845,25857,25981,25928]]
theta = [[1.467787,0.000000,0.009320,0.000000,-0.189971,0.772217,0.099110,0.100226,0.100226,0.059526,0.059526,0.000000,0.000000,0.000000,0.085177,0.064873,0.064873,0.000000,0.000000,0.032946,0.032946]]
alpha = [2.019719]
runtime = 28.440001
