seed = 3
ll = -3394.017334
loss_zeroone = 0.278367
loss_symmetric = 0.240032
fscore = 0.467569
clusters = [[25774,25852,25912,25795,25925,25813,25787,25924,25947,25970,25836,25850,25902,25905,25963,25821,25953,25883,26005,25793,25932,25835,25834,25943,25952,25839,25859,25783,26017,25901,25941,25827,25957,25899,25868,25992,25823,25796,25856,25923,25840,25815,25911,25884,25882,25906,25986,25955,25801,25817,25828,25845,25838,25857,25790,25909,25981,25990,25988,25928,25872,26009,25865,25854,25989,25976,25985,25808,25799,25861,26002,25980,25942,25892,25814,25950,25984,25964,25825,25837,25818,25830,25937,25969],[25774,25852,25912,25795,25896,25925,25947,25836,25850,25902,25905,25821,25953,25883,26005,25793,25932,25835,25834,25943,25952,25859,25783,26017,25901,25941,25827,25957,25899,25868,25823,25775,25831,25856,25923,25915,25891,25929,25889,25900,25806,25842,25777,25815,25778,25945,25910,25979,25794,25779,25911,25884,25847,25780,25833,25999,25977,25893,25855,25930,26006,25820,25907,26008,25876,25936,25869,25805,25983,25895,25877,25789,25781,25858,25881,25938,25940,25967,25906,25797,25782,25986,25810,25922,25828,25845,25972,26012,25981,25918,25949,25865,25989,25976,26007,25897,26014,25913,25885,25942,25807,25975,25822,25959],[25852,25795,25896,25925,25813,25787,25947,25850,26005,25932,25839,25957,25992,25778,25910,25979,25794,25911,25847,25882,25780,25833,25977,26008,25876,25869,25805,25881,25846,25938,25940,25955,25801,25961,25817,25857,25926,25978,25981,25990,25873,25791,26016,25995,25841,25798,25918,25949,25872,25826,25865,25854,25914,25985,25808,26007,25897,25898,25804,25799,25843,25968,25861,26002,25980,25991,25814,25950,25964,25962,25864,25824,26003,25860,25830,25937,25849,25998,25851,25880,25971,25890,25863,26010,25997,26001],[25774,25852,25912,25795,25896,25925,25813,25924,25947,25970,25836,25902,25963,25821,25953,25883,26005,25793,25932,25835,25834,25943,25952,25839,25859,26017,25901,25941,25827,25957,25899,25868,25992,25823,25856,25923,25900,25776,25874,25871,25960,25908,25917,25853,25815,25778,25910,25979,25847,25882,25907,25895,25877,25940,25974,25955,25844,25845,25857,25790,25990,25988,25949,25928,25826,25914,26007,25897,25898,25888,26000,25903,25919,25812,25991,25879,25824,25933,25860,25822,25965,25867,25870,25931,25946,25886,25956,25954,25866,25935,25878,25987,26001],[25783,25775,25831,25915,25891,25929,25889,25900,25776,25806,25842,25874,25871,25908,25917,25853,25848,25779,25780,25833,25999,25977,25893,25855,25930,26006,25820,25907,26008,25876,25936,25805,25983,25895,25877,25858,25881,25846,25938,25974,25875,26013,25811,25785,25951,25982,25816,25810,25922,25788,25844,26004,26012,25926,25978,25832,25792,25862,25973,25873,25791,26016,25995,25841,25798,25802,26014,25913,25885,25843,25968,25903,25919,25966,25921,25975,25962,25933,25996,25965,25867,25870,25931,25946,25886,25948,25956,25954,25894,25880,25971,25916,25994,25920,25927,26015,25863,25934,25958]]
theta = [[1.394398,0.000000,0.102291,0.000000,-0.042966,-0.041875,0.095349,0.976486,-0.015534,0.039788,0.039788,0.000000,0.000000,0.000000,0.097503,0.002227,0.002227,0.000000,0.000000,-0.005669,-0.005669],[0.885906,0.000000,-0.056737,0.000000,-0.018949,-0.018600,0.022637,0.023158,0.023158,0.056306,0.056306,0.000000,0.995995,0.000000,0.010890,0.001886,0.001886,0.000000,0.000000,0.017689,0.017689],[1.032788,0.000000,-0.052543,0.000000,-0.081789,0.905387,-0.072285,-0.018769,-0.018769,-0.004557,-0.004557,0.000000,0.000000,0.000000,0.024980,-0.000008,-0.000008,0.000000,0.000000,-0.008646,-0.008646],[1.012957,0.000000,0.055224,0.000000,0.016842,0.017222,0.081940,-0.013429,-0.013429,0.034941,0.034941,0.000000,0.000000,0.000000,0.041209,0.001598,0.001598,0.000000,0.000000,0.796358,-0.195661],[1.200518,0.000000,0.130655,0.000000,0.076316,0.078809,0.143581,0.041594,0.041594,0.040996,0.040996,0.000000,0.000000,0.000000,0.070159,-0.003189,-0.003189,0.000000,0.000000,0.069240,0.069240]]
alpha = [1.212741,0.944560,0.953660,0.890367,1.112367]
runtime = 315.839996
