seed = 0
ll = -3501.436523
loss_zeroone = 0.246939
loss_symmetric = 0.213471
fscore = 0.552703
clusters = [[25774,25852,25912,25795,25896,25925,25813,25787,25924,25947,25970,25836,25850,25902,25905,25963,25821,25953,25883,26005,25793,25932,25835,25834,25943,25952,25839,25859,25783,26017,25901,25941,25827,25957,25899,25868,25992,25823,25856,25923,25840,25815,25778,25910,25911,25884,25847,25882,25940,25906,25986,25955,25801,25961,25817,25828,25845,25838,25857,25790,25981,25990,25988,25949,25928,25826,25865,25989,25976,25914,25985,26007,25897,25898,25942,25991,25892,25964,25825,25818,25860,25822,25878,25987],[25774,25852,25912,25795,25925,25924,25947,25970,25836,25850,25902,25963,25821,25953,25883,26005,25793,25932,25835,25834,25943,25952,25839,25859,25783,26017,25901,25941,25827,25957,25899,25868,25992,25823,25796,25775,25831,25856,25923,25915,25929,25889,25806,25815,25910,25979,25779,25882,25893,25855,25930,26006,25940,25967,25906,25986,25810,25922,25955,25828,25845,25857,25790,26012,25909,25990,25988,25949,25928,25872,26009,25865,25854,25808,26014,25913,25799,25861,26002,25980,25814,25950,25984,25975,25837,25830,25937,25969,25866,25851,26001,25959],[25852,25795,25896,25925,25813,25947,25850,25883,26005,25932,25839,25957,25992,25900,25776,25874,25871,25908,25917,25853,25848,25778,25979,25794,25911,25847,25882,25780,25833,25999,25977,25820,25907,26008,25876,25936,25869,25805,25983,25895,25877,25789,25858,25881,25846,25938,25797,25785,25951,25955,25817,25844,25857,25972,25981,25990,25918,25872,26009,25865,25854,25985,25808,26007,25898,25802,25799,25861,26002,25980,25919,25814,25950,25984,25964,25837,25864,25824,26003,25933,25830,25937,25965,25867,25849,25998,25931,25946,25886,25954,25894,25935,25916,25890,26010,26001],[25775,25831,25915,25891,25929,25889,25900,25776,25806,25842,25874,25871,25960,25908,25917,25853,25779,25780,25833,25999,25977,25893,25855,25930,26006,25820,25907,26008,25876,25805,25983,25895,25877,25858,25881,25846,25938,25974,25875,26013,25811,25982,25816,25810,25922,25788,25844,26004,26012,25926,25978,25832,25792,25862,25973,25873,25791,26016,25995,25841,25798,26014,25913,25885,25843,25968,25903,25919,25966,25812,25879,25921,25975,25962,25996,25965,25867,25870,25946,25948,25956,25954,25880,25971,25994,25920,25927,26015,25863,25934]]
theta = [[1.336012,0.000000,0.083181,0.000000,0.007543,-0.001490,0.133712,0.057349,0.057349,0.014296,0.014296,0.000000,0.000000,0.000000,0.172181,-0.004268,-0.004268,0.995461,0.000000,0.054664,0.054664],[1.168438,0.000000,-0.020308,0.000000,-0.002489,-0.012909,-0.021677,0.014678,0.014678,0.053446,0.053446,0.000000,0.000000,0.000000,0.018487,-0.003706,0.987747,0.000000,0.000000,-0.079456,-0.079456],[1.101432,0.000000,-0.055281,0.000000,0.013002,0.002030,0.053536,0.044342,0.044342,-0.099237,0.891717,0.000000,0.000000,0.000000,0.006004,-0.003204,-0.003204,0.000000,0.000000,0.005086,0.005086],[1.195144,0.000000,0.139435,0.000000,0.042972,0.045444,0.123889,-0.003289,-0.003289,0.032285,0.032285,0.000000,0.995461,0.000000,0.089728,-0.000003,-0.000003,0.000000,0.000000,0.051618,0.051618]]
alpha = [1.266966,1.147511,1.059276,1.175670]
runtime = 270.649994
