seed = 0
ll = -1301.608765
loss_zeroone = 0.326471
loss_symmetric = 0.250586
fscore = 0.291638
clusters = [[26324,26340,26402,26487,26346,26436,26444,26326,26482,26390,26366,26415,26477,26490,26419,26350,26458,26456,26342,26404,26383,26478,26421,26425,26333,26423,26329,26488,26341,26369,26430,26457,26385,26483,26370,26334,26398,26453,26420,26465,26336,26338,26474,26376,26411,26491,26343,26416,26339,26431,26380,26451,26379,26441,26397,26392,26393,26367,26377,26440,26403,26438,26479,26469,26429],[26345,26324,26340,26402,26487,26436,26435,26325,26326,26357,26482,26455,26390,26415,26477,26490,26350,26458,26456,26361,26327,26400,26342,26404,26375,26356,26418,26360,26447,26473,26437,26386,26351,26472,26421,26406,26453,26336,26433,26446,26344,26468,26462,26373,26359,26410,26384,26348,26388,26381,26476,26432,26353,26489,26405,26442,26389,26452,26364,26443],[26322,26466,26335,26475,26328,26349,26323,26409,26448,26337,26402,26487,26346,26436,26444,26326,26482,26455,26390,26366,26415,26477,26490,26419,26350,26458,26456,26361,26342,26404,26467,26459,26413,26408,26439,26414,26407,26396,26470,26464,26427,26398,26406,26420,26347,26336,26454,26474,26462,26451,26379,26371,26424,26355,26401,26417,26362,26374],[26335,26475,26328,26481,26327,26400,26375,26356,26418,26360,26447,26473,26437,26386,26467,26383,26351,26472,26459,26413,26408,26439,26414,26407,26470,26478,26464,26427,26333,26423,26488,26385,26483,26370,26485,26338,26376,26411,26372,26394,26343,26416,26339,26431,26433,26446,26344,26468,26412,26365,26410,26384,26388,26476,26486,26432,26353,26489,26405,26358,26422,26450,26463,26395,26428,26354,26387,26441,26452,26368,26382,26480]]
theta = [[1.108612,0.123987,0.014522,0.123810,0.123810,-0.004885,0.129720,0.129720,0.091638,0.796268,-0.187157,-0.039024,-0.039024,0.165488,-0.057168,-0.057168,0.000000,0.000000,0.000000,0.091499,-0.088123,0.014918,0.118772,0.000000,0.001816,0.001639,0.001639,0.025881,0.025881,0.000000,0.000000,0.001816,0.007154,0.029083,0.007154,0.007154,0.000000,0.000000,-0.028429,-0.028429],[1.235047,0.080040,0.000012,0.011331,0.011331,-0.003928,0.085006,0.085006,0.061017,-0.058528,-0.058528,-0.035369,-0.035369,0.047497,-0.056162,-0.056162,0.000000,0.000000,0.000000,0.651394,0.026157,0.264978,0.236970,0.000000,-0.000394,-0.012221,-0.012221,0.004534,0.004534,0.000000,0.000000,-0.000394,0.006049,0.015761,0.006049,0.006049,0.000000,0.000000,0.064959,0.064959],[1.305821,0.054738,0.027222,0.160450,0.160450,-0.009995,0.144323,0.144323,0.104957,0.048486,0.048486,-0.051823,-0.051823,0.081627,0.044627,0.044627,0.000000,0.000000,0.000000,0.118792,0.026039,0.038845,0.150780,0.000000,0.002347,-0.015752,-0.015752,0.002203,0.002203,0.000000,0.000000,0.002347,-0.009295,0.010766,0.974131,-0.009295,0.000000,0.000000,-0.017449,-0.017449],[1.232589,0.079303,0.041149,0.128045,0.128045,-0.005830,0.255160,0.255160,-0.005627,0.135421,0.135421,-0.029061,-0.029061,0.074794,-0.010479,-0.010479,0.000000,0.000000,0.000000,0.208858,-0.077884,0.017056,-0.007921,0.000000,0.002317,-0.015516,-0.015516,-0.032075,-0.032075,0.000000,0.000000,0.002317,0.008174,0.003955,0.008174,0.008174,0.000000,0.000000,-0.043570,-0.043570]]
alpha = [1.023850,0.934128,1.185058,1.176211]
runtime = 49.250000
