seed = 0
ll = -1529.599731
loss_zeroone = 0.288235
loss_symmetric = 0.225747
fscore = 0.342075
clusters = [[26322,26466,26335,26475,26328,26349,26324,26340,26402,26487,26346,26436,26444,26326,26482,26455,26390,26366,26415,26477,26490,26419,26350,26458,26456,26361,26342,26404,26467,26459,26413,26408,26439,26414,26407,26396,26470,26464,26427,26421,26423,26398,26406,26453,26420,26336,26338,26474,26376,26411,26343,26416,26339,26431,26451,26379,26358,26422,26450,26463,26395,26368],[26323,26481,26409,26448,26345,26337,26402,26487,26346,26436,26444,26326,26482,26455,26390,26366,26415,26477,26490,26419,26350,26458,26456,26327,26342,26404,26375,26356,26418,26360,26447,26473,26437,26386,26351,26472,26341,26369,26430,26457,26398,26406,26420,26465,26336,26474,26433,26446,26344,26462,26379,26365,26410,26384,26388,26486,26489,26371,26424,26428,26354,26355,26387,26401,26417,26362,26374,26480,26377],[26435,26327,26400,26375,26356,26418,26360,26447,26473,26437,26386,26383,26351,26472,26478,26333,26423,26488,26385,26483,26370,26433,26446,26344,26468,26373,26410,26384,26348,26388,26476,26432,26353,26489,26405,26441,26442,26389,26452]]
theta = [[1.195376,0.011146,0.025082,0.084971,0.084971,-0.000466,0.134242,0.134242,0.073205,0.779950,-0.206243,-0.066137,-0.066137,0.045441,0.014258,0.014258,0.000000,0.000000,0.000000,0.119531,-0.038491,0.192321,0.307533,0.000000,0.002045,0.000040,0.000040,0.008447,0.008447,0.000000,0.000000,0.002045,-0.020812,0.008741,-0.020812,-0.020812,0.000000,0.000000,0.008244,0.008244],[0.980531,0.038675,-0.003118,0.060957,0.060957,-0.000663,0.129242,0.129242,0.000719,0.004160,0.004160,-0.039134,-0.039134,0.058664,-0.003620,-0.003620,0.000000,0.000000,0.000000,0.556707,0.027876,0.001533,-0.001913,0.000000,0.001380,0.000578,0.000578,0.033657,0.033657,0.000000,0.000000,0.001380,-0.003705,0.001355,-0.003705,-0.003705,0.000000,0.000000,0.015407,0.015407],[1.314545,-0.023316,0.064452,0.077775,0.077775,-0.001150,0.276613,0.276613,0.031919,0.166144,0.166144,-0.073499,-0.073499,0.159258,-0.060280,-0.060280,0.000000,0.000000,0.000000,0.139029,0.031498,0.175907,0.177880,0.000000,0.002808,0.000067,0.000067,-0.037691,-0.037691,0.000000,0.000000,0.002808,-0.023634,-0.001148,0.962559,-0.023634,0.000000,0.000000,-0.021434,-0.021434]]
alpha = [1.262290,0.950726,1.405583]
runtime = 123.796173
