seed = 3
ll = -2225.141846
loss_zeroone = 0.117647
loss_symmetric = 0.189823
fscore = 0.444444
clusters = [[26402,26487,26346,26436,26444,26326,26482,26455,26390,26366,26415,26477,26490,26419,26350,26458,26456,26342,26404,26398,26406,26420,26336,26474,26379]]
theta = [[1.505869,0.068482,0.100297,0.039347,0.039347,0.005290,0.253522,0.253522,0.112186,0.036731,0.036731,-0.001680,-0.001680,0.143759,0.068703,0.068703,0.000000,0.000000,0.000000,0.180671,0.003250,-0.047116,0.086662,0.000000,0.034680,0.001489,0.001489,0.091937,0.091937,0.000000,0.000000,0.034680,-0.014830,0.912187,-0.014830,-0.014830,0.000000,0.000000,0.126955,0.126955]]
alpha = [1.725007]
runtime = 6.550000
