seed = 2
ll = -9014.190430
loss_zeroone = 0.217066
loss_symmetric = 0.371965
fscore = 0.405738
clusters = [[26732,26603,26811,26659,26624,26548,26529,26804,26505,26692,26668,26684,26764,26698,26768,26506,26762,26545,26766,26515,26745,26648,26630,26683,26621,26671,26519,26511,26634,26792,26656,26502,26693,26578,26797,26667,26730,26508,26816,26731,26636,26631,26523,26817,26596,26735,26703,26689,26650,26562,26773,26573,26814,26618,26677,26544,26819,26599,26704,26658,26594,26778,26642,26612,26700,26592,26645,26649,26534,26679,26513,26705,26616,26646,26521,26605,26666,26757,26542,26793,26660,26796,26798,26546,26706,26741,26669,26740,26690,26823,26537,26678,26765],[26493,26732,26758,26743,26611,26565,26603,26718,26662,26739,26811,26559,26659,26575,26512,26602,26624,26790,26529,26635,26800,26804,26711,26535,26538,26505,26692,26591,26584,26769,26749,26668,26698,26695,26768,26506,26762,26545,26495,26541,26536,26604,26494,26515,26533,26745,26595,26648,26630,26620,26683,26810,26621,26671,26519,26511,26634,26792,26656,26502,26693,26797,26667,26508,26636,26631,26523,26817,26596,26650,26773,26573,26544,26599,26658,26580,26778,26642,26700,26592,26649,26534,26679,26513,26605,26666,26531,26777,26793,26729,26707,26798,26726,26712,26585,26740,26823,26537,26721,26555,26550]]
theta = [[1.310099,-0.008165,0.905069,-0.031894,-0.031894,0.000000,-0.047639,-0.047639,0.108330,0.108330,0.074151,0.095883,0.095883,0.000000,0.000000,0.000000,0.000000,0.000464,0.000464,0.034260,0.047431,0.047431,0.000617,0.000617,0.009158,0.009158,0.011845,0.011845,0.056492,-0.001996,-0.001996,0.000000,0.000000,0.000000,0.000000,0.000000,0.000000,0.007676,0.007676,0.000000,0.000000,0.000000,0.000000,0.000000,0.008685,0.000000,0.104666,0.000000,0.000000,0.046618,0.046618],[1.191156,-0.020991,0.005415,-0.025852,-0.025852,0.000000,-0.043332,-0.043332,0.098373,0.098373,0.056730,-0.043903,-0.043903,0.000000,0.000000,0.000000,0.000000,1.000426,0.000435,0.023666,0.079689,0.079689,0.020746,0.020746,0.008940,0.008940,-0.013083,-0.013083,0.057418,0.004277,0.004277,0.000000,0.000000,0.000000,0.000000,0.000000,0.000000,0.037005,0.037005,0.000000,0.000000,0.000000,0.000000,0.000000,0.008429,0.000000,0.085599,0.000000,0.000000,0.048426,0.048426]]
alpha = [1.308506,1.280379]
runtime = 160.860001
