seed = 0
ll = -8371.477539
loss_zeroone = 0.202595
loss_symmetric = 0.407573
fscore = 0.314759
clusters = [[26493,26732,26758,26743,26611,26565,26603,26718,26662,26739,26811,26559,26659,26575,26512,26602,26624,26790,26548,26529,26635,26804,26535,26538,26505,26692,26591,26584,26769,26749,26668,26684,26698,26695,26768,26506,26762,26545,26495,26541,26766,26604,26494,26515,26745,26648,26640,26630,26620,26683,26810,26621,26671,26519,26511,26634,26792,26656,26502,26693,26578,26797,26667,26730,26508,26731,26636,26631,26523,26817,26596,26689,26650,26562,26773,26573,26814,26618,26677,26544,26819,26599,26704,26658,26580,26594,26778,26642,26612,26700,26592,26649,26534,26679,26513,26705,26616,26646,26521,26605,26666,26757,26531,26777,26793,26660,26796,26729,26707,26798,26706,26712,26585,26740,26690,26823,26537,26678,26765],[26732,26811,26659,26624,26529,26804,26505,26692,26668,26684,26764,26698,26768,26506,26762,26545,26536,26766,26515,26745,26648,26630,26683,26621,26671,26519,26511,26634,26792,26656,26502,26693,26578,26797,26667,26730,26508,26816,26636,26631,26523,26817,26596,26735,26703,26689,26650,26773,26573,26814,26618,26677,26544,26819,26599,26658,26594,26778,26642,26612,26700,26592,26645,26649,26534,26679,26705,26616,26646,26521,26605,26666,26757,26542,26793,26796,26715,26798,26726,26546,26712,26741,26669,26585,26740,26823,26537,26678,26781,26555],[26493,26732,26758,26743,26611,26565,26603,26718,26662,26739,26811,26559,26659,26575,26512,26602,26624,26790,26548,26529,26635,26800,26804,26711,26535,26538,26505,26692,26591,26584,26769,26749,26668,26764,26698,26695,26768,26506,26762,26541,26604,26515,26533,26595,26630,26810,26671,26511,26656,26502,26693,26636,26596,26703,26562,26773,26573,26599,26704,26580,26778,26645,26513,26531,26542,26660,26729,26707,26741,26669,26826,26721,26564,26587,26629,26550,26696]]
theta = [[1.034172,-0.042253,-0.021594,-0.049208,-0.049208,0.000000,-0.064466,-0.064466,0.126322,0.126322,0.005053,0.037655,0.037655,0.000000,0.000000,0.000000,0.000000,0.004809,0.004809,-0.041647,-0.050876,-0.050876,0.001655,0.001655,-0.000210,-0.000210,-0.008864,-0.008864,-0.048063,0.011670,0.011670,0.000000,0.000000,0.000000,0.000000,0.000000,0.000000,0.036098,0.036098,0.000000,0.000000,0.000000,0.000000,0.000000,1.003014,0.000000,-0.003568,0.000000,0.000000,0.016750,0.016750],[1.148625,-0.059544,0.011475,0.018530,0.018530,0.000000,-0.088100,-0.088100,0.093439,0.093439,0.009806,0.101803,0.101803,0.000000,0.000000,0.000000,0.000000,0.004595,0.004595,0.003896,-0.171665,0.824758,0.019360,0.019360,-0.000223,-0.000223,-0.025706,-0.025706,-0.021981,0.002036,0.002036,0.000000,0.000000,0.000000,0.000000,0.000000,0.000000,-0.004388,-0.004388,0.000000,0.000000,0.000000,0.000000,0.000000,0.002868,0.000000,0.078289,0.000000,0.000000,0.007228,0.007228],[1.036481,-0.042009,-0.049121,-0.024423,-0.024423,0.000000,-0.097712,-0.097712,0.138879,0.138879,0.070404,-0.107005,-0.107005,0.000000,0.000000,0.000000,0.000000,0.004778,0.004778,-0.034454,-0.047841,-0.047841,-0.055614,-0.055614,-0.000258,-0.000258,-0.019095,-0.019095,0.068554,-0.029697,-0.029697,0.000000,0.000000,0.000000,0.000000,0.000000,0.000000,-0.008791,-0.008791,0.998212,0.000000,0.000000,0.000000,0.000000,0.002990,0.000000,0.042379,0.000000,0.000000,-0.029321,-0.029321]]
alpha = [1.166386,1.124321,1.158027]
runtime = 1918.050903
