seed = 0
ll = -5532.040527
loss_zeroone = 0.367442
loss_symmetric = 0.366037
fscore = 0.557297
clusters = [[27024,27035,27037,27209,27161,27202,27135,27056,27166,27099,27156,27067,27073,27187,27124,27178,27136,27186,27113,27217,27177,27092,27205,27106,27198,27172,27110,27196,27215,27109,27034,27232,27230,27112,27060,27058,27025,27071,27147,27183,27026,27132,27072,27197,27170,27180,27081,27116,27101,27155,27126,27062,27138,27212,27033,27032,27084,27222,27154,27046,27068,27145,27127,27064,27094,27219,27194,27096,27134,27159],[27037,27056,27217,27092,27205,27198,27172,27110,27232,27060,27147,27197,27059,27142,27210,27065,27027,27031,27157,27129,27122,27075,27042,27107,27102,27214,27150,27164,27116,27101,27167,27229,27173,27119,27030,27139,27104,27218,27149,27200,27093,27155,27126,27171,27143,27039,27062,27188,27088,27052,27079,27195,27138,27032,27193,27049,27128,27108,27064,27194,27134,27168,27044,27063,27133,27207,27061,27153,27115]]
theta = [[1.295925,0.000000,0.128526,0.000000,0.000000,0.000000,0.000000,0.000000,0.031203,-0.040040,-0.040040,-0.075929,-0.075929,0.073004,0.073004,-0.026313,0.127011,0.127011,0.102744,0.126561,0.072821,0.072821,0.154220,0.154220,0.000000,0.000000,-0.061569,-0.061569,-0.039803,-0.039803,0.000000,0.000000,0.000000,-0.097608,0.022964,0.022964,-0.213989,0.134161,-0.140503,0.000000,0.768064,-0.220275],[1.098959,0.000000,0.020225,0.000000,0.000000,0.000000,0.000000,0.994158,0.087866,-0.038830,-0.038830,-0.073720,-0.073720,0.071099,0.071099,0.049634,0.194479,0.194479,0.100822,0.124080,0.067358,0.067358,0.207950,0.207950,0.000000,0.000000,-0.058152,-0.058152,-0.013778,-0.013778,0.000000,0.000000,0.000000,-0.048694,0.022285,0.022285,-0.003582,-0.076302,-0.137955,0.000000,0.147648,0.147648]]
alpha = [1.389333,1.353241]
runtime = 79.269997
