seed = 2
ll = -4984.508789
loss_zeroone = 0.319380
loss_symmetric = 0.322192
fscore = 0.585084
clusters = [[27024,27035,27037,27209,27161,27202,27135,27056,27166,27099,27156,27067,27073,27187,27124,27178,27136,27186,27113,27217,27177,27092,27205,27106,27198,27172,27110,27196,27215,27109,27034,27232,27230,27112,27060,27058,27025,27071,27147,27183,27026,27132,27197,27170,27210,27180,27081,27157,27042,27102,27214,27164,27116,27101,27167,27030,27200,27155,27126,27143,27062,27088,27195,27138,27212,27033,27032,27193,27049,27084,27222,27154,27046,27068,27105,27108,27127,27064,27094,27219,27194,27096,27134,27159,27044,27063,27133,27207,27061,27153,27115],[27037,27135,27056,27187,27124,27178,27186,27217,27092,27205,27106,27198,27172,27110,27215,27232,27060,27071,27147,27183,27132,27072,27197,27170,27059,27180,27081,27129,27075,27042,27150,27038,27116,27101,27231,27047,27095,27176,27089,27227,27090,27029,27130,27206,27131,27158,27155,27126,27143,27062,27195,27138,27212,27033,27228,27032,27128,27084,27169,27154,27145,27108,27064,27094,27219,27194,27134,27091,27146,27125,27117,27190,27040,27053,27043,27168,27175,27055,27045,27054,27207,27236,27140,27182,27160,27224,27163,27057,27076,27199,27069,27234,27151,27085,27078,27048,27080,27211],[27023,27189,27098,27123,27203,27192,27118,27074,27141,27144,27191,27226,27077,27082,27208,27083,27233,27213,27037,27056,27205,27198,27172,27060,27059,27142,27210,27065,27027,27031,27157,27129,27122,27075,27107,27102,27214,27150,27164,27116,27167,27229,27173,27119,27030,27139,27104,27218,27149,27093,27155,27171,27039,27188,27088,27052,27079,27195,27193,27049,27128]]
theta = [[1.259704,0.000000,-0.018462,0.000000,0.000000,0.000000,0.000000,0.000000,-0.120164,-0.009460,-0.009460,0.013358,0.013358,0.018792,0.018792,0.360635,0.014860,0.014860,0.217101,0.223514,0.091300,0.091300,0.104084,0.104084,0.000000,0.000000,0.025080,0.025080,0.096033,0.096033,0.000000,0.000000,0.000000,0.111039,0.003382,0.003382,-0.086965,0.153481,-0.117429,0.000000,0.011477,0.011477],[0.994579,0.000000,-0.021052,0.000000,0.000000,0.000000,0.000000,0.000000,-0.004648,-0.009962,-0.009962,0.007365,0.007365,0.021553,0.021553,0.133267,-0.012288,-0.012288,0.242031,0.249139,-0.075778,-0.075778,-0.037632,-0.037632,0.996105,0.000000,-0.008394,-0.008394,0.053057,0.053057,0.000000,0.000000,0.000000,0.057918,0.004177,0.004177,-0.098493,-0.087988,-0.004918,0.000000,-0.006439,-0.006439],[1.384568,0.000000,0.142040,0.000000,0.000000,0.000000,0.000000,0.000000,0.160519,-0.009577,-0.009577,0.007007,0.007007,0.019577,0.019577,0.147000,0.140688,0.140688,-0.006497,-0.001861,0.142593,0.142593,0.042527,0.042527,0.000000,0.000000,-0.439145,0.553089,0.074718,0.074718,0.000000,0.000000,0.000000,-0.039775,0.003474,0.003474,-0.065256,-0.153246,-0.193704,0.000000,0.054262,0.054262]]
alpha = [0.919912,1.073687,1.070696]
runtime = 453.124298
