seed = 0
ll = -4550.230469
loss_zeroone = 0.363953
loss_symmetric = 0.402127
fscore = 0.454123
clusters = [[27024,27035,27037,27209,27161,27202,27135,27056,27166,27099,27156,27067,27073,27187,27124,27178,27136,27186,27113,27217,27177,27092,27205,27106,27198,27172,27110,27196,27215,27109,27034,27232,27230,27112,27060,27058,27025,27071,27147,27183,27026,27132,27197,27170,27180,27081,27042,27116,27101,27200,27126,27143,27062,27138,27212,27033,27032,27084,27222,27154,27046,27068,27145,27105,27108,27064,27094,27219,27194,27096,27134,27159,27044,27063,27133,27207,27061],[27037,27161,27135,27056,27187,27124,27178,27186,27113,27217,27092,27205,27106,27172,27110,27215,27232,27060,27058,27071,27147,27183,27132,27072,27197,27170,27180,27081,27038,27028,27116,27101,27231,27047,27095,27176,27089,27227,27090,27029,27130,27206,27131,27158,27155,27195,27138,27212,27033,27228,27032,27084,27169,27222,27127,27064,27094,27219,27194,27096,27134,27091,27146,27125,27117,27190,27040,27053,27036,27043,27168,27175,27055,27045,27054,27236,27140,27182,27160,27224,27163,27057,27076,27199,27069,27234,27151,27085,27078,27048,27080,27211,27115],[27024,27035,27037,27209,27202,27135,27056,27166,27099,27156,27067,27073,27187,27124,27178,27136,27186,27177,27092,27205,27106,27198,27172,27196,27215,27109,27034,27230,27112,27060,27025,27183,27026,27132,27072,27059,27142,27210,27065,27027,27031,27157,27129,27122,27075,27042,27107,27102,27214,27150,27164,27038,27101,27167,27229,27231,27047,27095,27176,27227,27090,27029,27173,27119,27030,27139,27130,27206,27131,27158,27104,27218,27149,27093,27155,27171,27039,27188,27088,27052,27079,27195,27193,27049,27128,27169,27046,27068,27145,27041,27117,27159,27055,27045,27054,27236,27140,27182,27160,27076,27199,27078,27080,27211,27153],[27023,27189,27098,27123,27203,27192,27118,27074,27141,27144,27191,27226,27077,27082,27208,27083,27233,27213,27037,27056,27217,27092,27205,27198,27172,27110,27232,27060,27147,27197,27059,27142,27210,27065,27027,27031,27157,27129,27122,27075,27042,27107,27102,27214,27150,27164,27116,27101,27167,27229,27173,27119,27030,27139,27104,27218,27149,27200,27093,27155,27126,27171,27143,27039,27062,27188,27088,27052,27079,27195,27138,27032,27193,27049,27128,27154,27108,27127,27064,27194,27134,27168,27044,27063,27133,27207,27061,27153,27115]]
theta = [[1.294820,0.000000,0.058537,0.000000,0.000000,0.000000,0.000000,0.000000,0.080970,-0.027713,-0.027713,-0.013293,-0.013293,0.005881,0.005881,0.004170,0.011224,0.011224,0.109321,0.111416,0.083925,0.083925,0.102296,0.102296,0.000000,0.000000,0.017337,0.017337,0.053381,0.053381,0.000000,0.000000,0.000000,0.069738,-0.000002,-0.000002,-0.101329,0.114261,-0.047639,0.000000,0.951038,-0.041196],[1.135789,0.000000,0.028571,0.000000,0.000000,0.000000,0.000000,0.996105,0.047167,0.007399,0.007399,0.000757,0.000757,0.005748,0.005748,0.074586,0.034321,0.034321,0.044920,0.047011,-0.036026,-0.036026,0.013913,0.013913,0.000000,0.000000,0.013760,0.013760,-0.023109,-0.023109,0.000000,0.000000,0.000000,0.018645,-0.000038,-0.000038,-0.104417,-0.089558,-0.042912,0.000000,0.067781,0.067781],[0.919519,0.000000,0.002862,0.000000,0.000000,0.000000,0.000000,0.000000,0.059739,-0.025281,-0.025281,-0.025510,-0.025510,0.005447,0.005447,0.003221,0.086041,0.086041,0.105391,0.107467,0.063222,0.063222,0.031263,0.031263,0.000000,0.000000,0.007807,0.007807,-0.011492,-0.011492,0.000000,0.996105,0.000000,-0.026533,-0.000026,-0.000026,-0.017666,0.011867,0.062887,0.000000,0.014699,0.014699],[1.243745,0.000000,0.048078,0.000000,0.000000,0.000000,0.000000,0.000000,0.144616,-0.026760,-0.026760,0.013956,0.013956,0.005644,0.005644,0.133909,0.010835,0.010835,0.024994,0.026751,0.077217,0.077217,0.084399,0.084399,0.000000,0.000000,0.017221,0.017221,0.124406,0.124406,0.000000,0.000000,0.000000,0.106591,-0.000022,-0.000022,0.001681,-0.024625,-0.061558,0.000000,0.941097,-0.051137]]
alpha = [1.049359,1.010987,0.915318,1.000257]
runtime = 118.709999
