seed = 1
ll = -55.038067
loss_zeroone = 0.254902
loss_symmetric = 0.256400
fscore = 0.411268
clusters = [[2768,2744,2775,2746,2769,2788,2748,2772,2753,2782,2764,2756,2761,2767,2777,2783,2770,2776,2787,2785,2774,2781,2771,2773],[2740,2768,2743,2778,2757,2766,2744,2775,2746,2748,2772,2764,2783,2787,2774,2781,2771],[2747,2740,2768,2743,2778,2757,2766,2746,2769,2788,2748,2759,2772,2756,2761,2767,2777,2785],[2740,2768,2743,2778,2757,2766,2744,2775,2746,2769,2788,2760,2750,2789,2756,2787,2785,2774,2771,2773],[2739,2747,2743,2778,2757,2766,2759,2760,2750,2789,2753,2782,2770,2776],[2739,2747,2740,2768,2744,2775,2788,2748,2759,2772,2764,2756,2761,2783,2770,2776,2781,2773],[2739,2747,2775,2759,2760,2750,2789,2753,2782,2767,2777,2783,2787,2781,2771,2773]]
theta = [[1.308381,0.000000,0.000000,0.000000,0.050231,0.085452,0.946310,-0.000249,0.000538,-0.000090,-0.000090,0.000235,0.000235,0.000228,-0.000062,-0.000244,-0.000244,0.000000,0.000000,0.000000,0.000004,0.000185,0.000185,0.000000,0.000000,0.000453,0.000453,0.000000,0.000000,0.034001,0.000339,0.000339,-0.000417,-0.000417,0.063482,0.000000,0.000000,0.000000,0.000000],[1.095925,0.000000,0.000000,0.000000,0.006502,-0.000159,-0.000254,-0.000254,-0.000389,-0.000102,-0.000102,0.000337,0.000337,0.000167,0.000621,-0.000004,-0.000004,0.000000,0.000000,0.000000,-0.000011,-0.000259,-0.000259,0.000000,0.000000,0.000030,0.000030,0.000000,0.000000,0.029859,-0.000101,-0.000101,0.007759,0.007759,0.053982,0.000000,0.000000,0.946177,0.000000],[1.245968,0.000000,0.000000,0.000000,0.088409,0.236116,-0.000249,-0.000249,-0.000446,-0.000090,-0.000090,-0.000141,-0.000141,0.000233,-0.000691,0.000364,0.000364,0.000000,0.000000,0.000000,0.000005,0.000016,0.000016,0.000000,0.000000,-0.000106,-0.000106,0.000000,0.000000,-0.005499,0.000378,0.000378,0.010575,0.010575,-0.019017,0.000000,0.000000,0.946177,0.000000],[1.125127,0.000000,0.000000,0.000000,0.095821,0.009797,-0.000256,-0.000256,-0.000389,-0.000104,-0.000104,-0.000123,-0.000123,0.000151,-0.000423,0.000302,0.000302,0.000000,0.000000,0.000000,-0.000014,-0.000099,-0.000099,0.000000,0.000000,-0.000109,-0.000109,0.000000,0.000000,0.002104,0.000282,0.000282,0.000077,0.000077,0.037233,0.000000,0.946177,0.000000,0.000000],[1.143513,0.000000,0.000000,0.000000,-0.000377,0.170426,-0.000252,-0.000252,-0.000065,-0.000096,-0.000096,0.061016,0.061016,0.000200,-0.000610,0.015674,0.015674,0.000000,0.000000,0.000000,-0.000003,0.000213,0.000213,0.000000,0.000000,-0.000275,-0.000275,0.000000,0.000000,0.224404,-0.000168,-0.000168,0.008818,0.008818,0.194783,0.000000,0.000000,0.000000,0.946177],[1.080686,0.000000,0.000000,0.000000,-0.000450,0.000120,-0.000255,-0.000255,0.000555,0.946455,-0.000104,0.000521,0.000521,-0.000095,0.000136,0.000002,0.000002,0.000000,0.000000,0.000000,-0.000013,-0.000013,-0.000013,0.000000,0.000000,0.000259,0.000259,0.000000,0.000000,0.021980,-0.000287,-0.000287,0.000256,0.000256,0.079413,0.000000,0.000000,0.000000,0.000000],[1.071041,0.000000,0.000000,0.000000,0.000208,0.034990,-0.000255,-0.000255,-0.000318,-0.000103,-0.000103,-0.000324,-0.000324,0.000160,-0.000308,0.000031,0.000031,0.000000,0.000000,0.000000,-0.000012,0.046429,0.046429,0.000000,0.000000,-0.000280,-0.000280,0.000000,0.000000,0.110438,0.923865,-0.000395,0.000466,0.000466,0.074874,0.000000,0.000000,0.000000,0.000000]]
alpha = [1.130837,1.007167,1.109139,1.024632,1.074980,1.000604,1.005182]
runtime = 0.970000
