seed = 2
ll = -96.890533
loss_zeroone = 0.254902
loss_symmetric = 0.253421
fscore = 0.449469
clusters = [[2740,2768,2743,2778,2757,2766,2744,2775,2760,2750,2789,2756,2761,2767,2777,2770,2776,2787,2771,2773],[2739,2747,2768,2743,2778,2757,2766,2746,2769,2788,2748,2759,2772,2753,2782,2785],[2768,2744,2775,2746,2788,2748,2772,2764,2756,2783,2787,2774,2781,2773]]
theta = [[1.216117,0.000000,0.000000,0.000000,-0.016780,0.122915,-0.000297,-0.000297,0.000220,-0.000214,-0.000214,0.004476,0.004476,0.000224,-0.000038,0.001444,0.001444,0.000000,0.000000,0.000000,0.000005,-0.006806,-0.006806,0.000000,0.000000,0.925762,-0.000036,0.000000,0.000000,-0.000253,0.000116,0.000116,-0.000076,-0.000076,0.150662,0.000000,0.000000,0.000000,0.000000],[1.269801,0.000000,0.000000,0.000000,0.127089,0.227572,0.000084,0.000084,0.000134,-0.000206,-0.000206,0.015536,0.015536,0.000250,-0.000339,0.024651,0.024651,0.000000,0.000000,0.000000,0.000374,0.003843,0.003843,0.000000,0.000000,0.000155,0.000155,0.000000,0.000000,0.141995,0.002550,0.002550,1.023957,0.031261,0.041472,0.000000,0.000000,0.000000,0.000000],[1.448251,0.000000,0.000000,0.000000,0.007287,0.005579,0.000038,0.000038,-0.000131,0.000485,0.000485,0.011975,0.011975,0.000220,0.000475,0.021607,0.021607,0.000000,0.000000,0.000000,0.000309,-0.010407,-0.010407,0.000000,0.000000,-0.000344,-0.000344,0.953866,0.000000,0.086949,0.004303,0.004303,-0.000295,-0.000295,0.261594,0.000000,0.000000,0.000000,0.000000]]
alpha = [1.250347,1.373311,1.431316]
runtime = 2.304921
