seed = 4
ll = -85.682121
loss_zeroone = 0.264706
loss_symmetric = 0.301036
fscore = 0.397025
clusters = [[2768,2744,2775,2746,2769,2788,2753,2782,2764,2756,2761,2783,2770,2776,2787,2785,2781,2771],[2740,2768,2743,2778,2757,2766,2744,2775,2760,2750,2789,2764,2783,2774,2781,2773],[2739,2747,2740,2768,2775,2746,2769,2788,2748,2759,2772,2756,2787,2785,2774,2771,2773],[2768,2743,2778,2757,2766,2746,2788,2748,2772,2761,2767,2777]]
theta = [[1.174133,0.000000,0.000000,0.000000,0.157989,-0.000223,0.000372,0.000372,0.000064,0.000126,0.000126,-0.000087,-0.000087,0.957762,0.000385,-0.000296,-0.000296,0.000000,0.000000,0.000000,0.000360,-0.021159,-0.021159,0.000000,0.000000,0.000093,0.000093,0.000000,0.000000,-0.001689,-0.000335,-0.000335,0.008267,0.008267,0.059598,0.000000,0.000000,0.000000,0.000000],[1.219646,0.000000,0.000000,0.000000,0.000019,0.087384,0.000398,0.000398,-0.000524,0.000182,0.000182,-0.000269,-0.000269,-0.000324,0.000272,0.020872,0.020872,0.000000,0.000000,0.000000,0.000364,-0.021712,-0.021712,0.000000,0.000000,-0.000052,-0.000052,0.000000,0.953866,-0.001109,0.000608,0.000608,-0.000026,-0.000026,0.090950,0.000000,0.000000,0.000000,0.000000],[1.205757,0.000000,0.000000,0.000000,0.033555,0.024927,0.000362,0.000362,-0.000461,0.000111,0.000111,-0.002189,-0.002189,0.957758,0.000213,-0.000335,-0.000335,0.000000,0.000000,0.000000,0.000358,0.007220,0.007220,0.000000,0.000000,-0.000064,-0.000064,0.000000,0.000000,0.164869,-0.000475,-0.000475,0.000002,0.000002,0.044558,0.000000,0.000000,0.000000,0.000000],[1.256853,0.000000,0.000000,0.000000,0.034038,0.230080,-0.000294,-0.000294,0.917163,0.000339,0.000339,-0.000302,-0.000302,-0.000306,0.000354,0.018955,0.018955,0.000000,0.000000,0.000000,0.000375,-0.001031,-0.001031,0.000000,0.000000,-0.000174,-0.000174,0.000000,0.000000,0.025458,-0.000503,-0.000503,0.009178,0.009178,0.208283,0.000000,0.000000,0.000000,0.000000]]
alpha = [1.149877,1.171934,1.165382,1.188755]
runtime = 0.550000
