seed = 1
ll = -117.498177
loss_zeroone = 0.225490
loss_symmetric = 0.310877
fscore = 0.390374
clusters = [[2768,2744,2775,2746,2769,2788,2748,2772,2756,2785],[2740,2768,2743,2778,2757,2766,2775,2764,2761,2783,2787,2774,2781,2771,2773]]
theta = [[1.561230,0.000000,0.000000,0.000000,0.077936,0.142981,0.946885,0.000326,-0.000667,0.007948,0.007948,-0.008211,-0.008211,0.046966,0.033231,-0.000059,-0.000059,0.000000,0.000000,0.000000,0.000034,-0.096725,-0.096725,0.000000,0.000000,-0.000630,-0.000630,0.000000,0.000000,0.017318,-0.000291,-0.000291,0.073915,0.073915,0.185253,0.000000,0.000000,0.000000,0.000000],[1.326121,0.000000,0.000000,0.000000,0.276354,0.032483,-0.000339,-0.000339,-0.000406,0.004254,0.004254,0.000373,0.000373,0.041454,0.000057,0.000412,0.000412,0.000000,0.000000,0.000000,0.000037,-0.084984,-0.084984,0.000000,0.000000,-0.000361,-0.000361,0.000000,0.000000,-0.122081,0.000025,0.000025,-0.002809,-0.002809,0.071688,0.000000,0.000000,0.930799,0.000000]]
alpha = [1.655077,1.501295]
runtime = 0.590000
