seed = 2
ll = -162.029327
loss_zeroone = 0.176471
loss_symmetric = 0.402597
fscore = 0.307692
clusters = [[2768,2746,2769,2788,2748,2772]]
theta = [[1.684089,0.000000,0.000000,0.000000,-0.036437,0.162451,0.056352,0.056352,0.013176,0.153368,0.153368,-0.018178,-0.018178,0.192363,-0.001700,-0.056008,-0.056008,0.000000,0.000000,0.000000,0.043561,0.000075,0.000075,0.000000,0.000000,0.882617,-0.010885,0.000000,0.000000,0.050194,0.156351,0.156351,0.007373,0.007373,0.185253,0.000000,0.000000,0.000000,0.000000]]
alpha = [1.837722]
runtime = 0.180000
