seed = 2
ll = -65.557701
loss_zeroone = 0.269608
loss_symmetric = 0.268139
fscore = 0.403054
clusters = [[2768,2743,2778,2757,2766,2744,2775,2746,2769,2788,2748,2772,2787,2785,2771,2773],[2739,2747,2768,2746,2769,2788,2748,2759,2772,2760,2750,2789,2756,2761,2767,2777,2770,2776,2785],[2739,2747,2743,2778,2757,2766,2775,2759,2753,2782,2783,2770,2776,2774,2781,2773],[2740,2768,2744,2775,2760,2750,2789,2764,2756,2761,2767,2777,2783,2787,2774,2781,2771],[2739,2747,2740,2768,2744,2775,2746,2769,2788,2748,2759,2772,2753,2782,2764,2756,2761,2783,2781,2773]]
theta = [[1.419475,0.000000,0.000000,0.000000,0.016424,0.360860,-0.000340,-0.000340,-0.000159,0.000182,0.000182,0.003903,0.003903,0.000197,-0.001022,0.020411,0.020411,0.000000,0.000000,0.000000,-0.000346,0.000094,0.000094,0.000000,0.000000,0.924581,0.000322,0.000000,0.000000,0.079009,0.000284,0.000284,0.000061,0.000061,0.135416,0.000000,0.000000,0.000000,0.000000],[1.123509,0.000000,0.000000,0.000000,0.097189,0.041668,0.000205,0.000205,0.000072,0.000233,0.000233,-0.000268,-0.000268,0.000247,-0.000482,-0.000432,-0.000432,0.000000,0.000000,0.000000,0.000199,0.009337,0.009337,0.000000,0.000000,0.000002,0.000002,0.000000,0.000000,0.118078,0.000032,0.000032,0.952521,-0.000190,0.071045,0.000000,0.000000,0.000000,0.000000],[1.233790,0.000000,0.000000,0.000000,0.000329,0.201022,0.000349,0.000349,0.000165,-0.000081,-0.000081,0.058466,0.058466,-0.000066,-0.000308,0.041954,0.041954,0.000000,0.000000,0.000000,0.000344,0.004753,0.004753,0.000000,0.000000,0.000199,0.000199,0.923110,0.000000,0.261105,0.000138,0.000138,-0.000252,-0.000252,0.100866,0.000000,0.000000,0.000000,0.000000],[1.224823,0.000000,0.000000,0.000000,1.091457,-0.039103,0.000376,0.000376,0.000160,0.000014,0.000014,-0.018294,-0.018294,0.000029,0.000256,-0.000620,-0.000620,0.000000,0.000000,0.000000,0.000370,0.000223,0.000223,0.000000,0.000000,0.000299,0.000299,0.000000,0.000000,-0.015625,-0.000028,-0.000028,0.000384,0.000384,0.000253,0.000000,0.000000,0.000000,0.000000],[1.076819,0.923110,0.000000,0.000000,-0.019691,-0.000028,0.000146,0.000146,-0.000123,0.000047,0.000047,-0.000288,-0.000288,0.000061,0.002215,-0.000329,-0.000329,0.000000,0.000000,0.000000,0.000141,-0.000141,-0.000141,0.000000,0.000000,0.000321,0.000321,0.000000,0.000000,0.000080,0.000054,0.000054,0.000146,0.000146,0.002509,0.000000,0.000000,0.000000,0.000000]]
alpha = [1.186073,1.023172,1.069127,1.176092,0.956755]
runtime = 1.010000
