seed = 1
ll = -1156.317139
loss_zeroone = 0.343750
loss_symmetric = 0.245931
fscore = 0.431795
clusters = [[2791,2882,2842,2828,2874,2894,2821,2844,2829,2817,2852,2807,2837,2885,2795,2867,2838,2802,2830,2850,2863,2870,2873,2840,2862,2815,2888,2831,2801,2793,2861,2891,2876,2890,2871,2805,2843,2848,2883,2824,2818,2865,2827,2825,2884,2866,2887],[2874,2844,2817,2807,2795,2867,2838,2830,2850,2870,2873,2840,2881,2862,2815,2831,2891,2876,2843,2794,2810,2804,2796,2813,2889,2797,2839,2819,2818,2865,2841,2886,2875,2827,2893,2872,2884,2808,2855,2866,2869,2836,2822,2847,2811,2880,2846,2835,2892,2859,2845],[2791,2882,2874,2894,2821,2844,2817,2852,2807,2837,2885,2867,2802,2830,2863,2873,2815,2800,2794,2810,2804,2796,2813,2889,2797,2839,2819,2878,2875,2834,2820,2808,2809,2833,2853,2860,2880,2868],[2791,2842,2828,2821,2829,2852,2807,2837,2885,2795,2867,2838,2830,2870,2873,2840,2881,2888,2831,2800,2801,2793,2861,2891,2890,2848,2883,2841,2812,2886,2827,2799,2858,2872,2809,2833,2855,2853,2877,2846,2816,2868,2849,2859,2879]]
theta = [[1.167198,0.000000,0.076267,-0.000375,-0.000375,0.000000,0.051381,0.051381,-0.085325,-0.015833,-0.015833,0.153591,0.186847,-0.163830,-0.025714,-0.025714,0.003345,0.003345,0.000000,0.000000,0.000000,0.000000,0.000000,0.000000,-0.010077,-0.010077,0.000000,0.000000,0.000000,0.273809,0.113183,0.179496,0.011675,0.011675,0.000000,0.000000,0.000000,0.119152,0.000000,0.000000,0.000000,0.000000,0.000000,0.000000,0.733937,0.000000,0.077748,-0.102514,0.000000,0.005244,0.049436,0.049919,0.017891,0.000000,0.033500,0.033500],[0.895905,0.000000,0.082287,-0.000481,-0.000481,0.000000,0.025439,0.025439,-0.085857,0.003525,0.003525,-0.107776,0.101009,-0.043681,0.144613,0.144613,-0.000037,-0.000037,0.000000,0.000000,0.000000,0.000000,0.000000,0.975039,0.026356,0.026356,0.000000,0.000000,0.000000,-0.014456,0.000136,-0.018632,0.078112,0.078112,0.000000,0.000000,0.000000,0.011664,0.000000,0.000000,0.000000,0.000000,0.000000,0.000000,0.112842,0.000000,0.001850,0.189832,0.000000,-0.043339,0.003845,-0.098224,-0.069520,0.000000,0.020474,0.020474],[0.780424,0.000000,0.042670,-0.029740,-0.029740,0.000000,0.001078,0.984344,0.006270,-0.077529,-0.077529,0.037848,0.180871,0.013060,0.132877,0.132877,0.005532,0.005532,0.000000,0.000000,0.000000,0.000000,0.000000,0.000000,-0.235413,-0.235413,0.000000,0.000000,0.000000,0.183769,-0.072704,-0.000583,0.005380,0.005380,0.000000,0.000000,0.000000,-0.074527,0.000000,0.000000,0.000000,0.000000,0.000000,0.000000,0.030902,0.000000,0.011443,0.029834,0.000000,0.135577,0.038402,-0.039276,-0.076532,0.000000,-0.158723,-0.158723],[0.853617,0.000000,-0.090265,-0.000431,-0.000431,0.000000,0.018281,0.018281,-0.019911,0.086093,0.086093,-0.268770,0.036690,0.122223,0.123772,0.123772,0.004001,0.004001,0.000000,0.000000,0.000000,0.000000,0.000000,0.975039,-0.005961,-0.005961,0.000000,0.000000,0.000000,0.130809,0.101390,0.169148,0.076087,0.076087,0.000000,0.000000,0.000000,0.021844,0.000000,0.000000,0.000000,0.000000,0.000000,0.000000,-0.220472,0.000000,0.146737,-0.044761,0.000000,-0.096126,-0.037188,0.072941,0.001252,0.000000,0.020204,0.020204]]
alpha = [1.067506,1.092876,1.235514,1.129540]
runtime = 17.309999
