seed = 1
ll = -1244.383667
loss_zeroone = 0.320513
loss_symmetric = 0.277042
fscore = 0.489297
clusters = [[2791,2842,2828,2874,2894,2821,2844,2829,2852,2807,2837,2885,2795,2867,2838,2802,2830,2850,2863,2870,2873,2840,2862,2815,2888,2831,2801,2793,2861,2891,2876,2871,2805,2843,2848,2883,2824,2818,2865,2827,2884,2866],[2791,2882,2874,2844,2829,2817,2807,2885,2795,2867,2838,2830,2850,2870,2873,2840,2881,2862,2815,2831,2890,2794,2810,2804,2796,2813,2889,2797,2819,2841,2812,2878,2886,2827,2858,2825,2872,2884,2808,2809,2833,2887,2853,2880,2877,2846,2859],[2828,2821,2844,2817,2852,2807,2837,2867,2830,2873,2881,2888,2800,2801,2793,2861,2891,2890,2848,2794,2810,2883,2813,2889,2839,2819,2875,2834,2855,2868]]
theta = [[1.157831,0.000000,0.128732,-0.011437,-0.011437,0.000000,-0.000146,-0.000146,0.037489,-0.006268,-0.006268,0.064277,0.040042,-0.072323,-0.081199,-0.081199,0.006246,0.006246,0.000000,0.000000,0.000000,0.000000,0.000000,0.000000,-0.017963,-0.017963,0.000000,0.000000,0.000000,0.170833,0.053408,0.084218,-0.000090,-0.000090,0.000000,0.000000,0.000000,0.025974,0.000000,0.000000,0.000000,0.000000,0.000000,0.000000,0.910214,0.000000,0.017408,-0.048680,0.000000,0.051151,0.040402,0.042201,0.034022,0.000000,0.015385,0.015385],[0.985792,0.000000,0.015854,0.000146,0.000146,0.000000,0.008861,0.008861,-0.048174,-0.091245,-0.091245,-0.127440,0.167370,0.031836,0.085840,0.085840,0.005999,0.005999,0.000000,0.000000,0.000000,0.000000,0.000000,0.990755,-0.059082,-0.059082,0.000000,0.000000,0.000000,0.124275,0.009614,0.040159,0.012408,0.012408,0.000000,0.000000,0.000000,-0.053262,0.000000,0.000000,0.000000,0.000000,0.000000,0.000000,0.018039,0.000000,-0.009085,0.074585,0.000000,-0.002929,0.052750,-0.012815,-0.000138,0.000000,-0.012198,-0.012198],[0.984105,0.000000,-0.039400,-0.011175,-0.011175,0.000000,-0.000020,0.989162,-0.089338,-0.006367,-0.006367,-0.068764,0.129923,0.038120,0.173683,0.173683,0.000049,0.000049,0.000000,0.000000,0.000000,0.000000,0.000000,0.000000,-0.106760,-0.106760,0.000000,0.000000,0.000000,0.145472,-0.026384,-0.002911,-0.003456,-0.003456,0.000000,0.000000,0.000000,0.001389,0.000000,0.000000,0.000000,0.000000,0.000000,0.000000,-0.051397,0.000000,0.070108,0.036479,0.000000,0.019934,-0.001134,-0.016645,-0.017999,0.000000,-0.082086,-0.082086]]
alpha = [1.083737,1.102225,1.112374]
runtime = 29.411402
