seed = 3
ll = -1074.948853
loss_zeroone = 0.357692
loss_symmetric = 0.256851
fscore = 0.406540
clusters = [[2791,2882,2842,2828,2874,2821,2829,2817,2852,2807,2837,2885,2795,2867,2838,2802,2830,2850,2870,2873,2840,2862,2831,2801,2793,2861,2891,2876,2871,2805,2843,2848,2883,2824,2865,2841,2886,2827,2799,2858,2825,2872,2884,2866,2887,2832,2877,2846,2864,2859],[2791,2882,2842,2828,2874,2894,2821,2844,2829,2852,2807,2837,2795,2867,2838,2830,2850,2863,2870,2873,2840,2881,2862,2815,2888,2831,2792,2800,2801,2806,2793,2861,2891,2876,2890,2871,2843,2883,2824,2796,2818,2812,2878,2875,2827,2893,2872,2820,2884,2809,2833,2853,2826,2849],[2821,2844,2829,2817,2807,2837,2885,2867,2838,2830,2870,2873,2840,2881,2862,2815,2888,2793,2891,2876,2890,2805,2843,2848,2794,2810,2883,2804,2796,2813,2889,2797,2839,2819,2865,2841,2812,2886,2827,2858,2825,2834,2872,2808,2855,2866,2887,2853,2880,2877,2846,2816,2868,2859],[2791,2842,2828,2874,2894,2821,2844,2817,2852,2837,2885,2867,2802,2830,2863,2873,2888,2800,2801,2861,2891,2890,2848,2855,2866,2869,2836,2822,2847,2811,2816,2868,2856,2857,2879],[2791,2882,2874,2844,2817,2807,2885,2795,2838,2802,2830,2850,2870,2873,2840,2881,2815,2831,2794,2810,2804,2813,2889,2797,2839,2819,2814,2818,2865,2841,2878,2875,2834,2884,2808,2809,2833,2869,2836,2822,2860,2880,2835,2892,2845]]
theta = [[1.046345,0.000000,0.136278,-0.000086,-0.000086,0.000000,0.022337,0.022337,-0.021663,-0.004874,-0.004874,0.112949,0.054127,-0.138956,-0.099945,-0.099945,0.001069,0.001069,0.000000,0.000000,0.985209,0.000000,0.000000,0.000000,-0.009543,-0.009543,0.000000,0.000000,0.000000,0.077957,0.059915,0.094348,0.029103,0.029103,0.000000,0.000000,0.000000,0.076905,0.000000,0.000000,0.000000,0.000000,0.000000,0.000000,-0.080636,0.000000,0.025755,-0.047437,0.000000,-0.015751,0.040730,-0.011127,0.033523,0.000000,0.025587,0.025587],[0.896215,0.000000,0.021645,-0.002044,-0.002044,0.000000,0.000413,0.000413,0.494977,-0.011717,-0.011717,0.052497,0.156526,0.116608,-0.060708,-0.060708,0.000106,0.000106,0.000000,0.000000,0.000000,0.000000,0.000000,0.000000,0.047820,0.047820,0.000000,0.000000,0.000000,0.117455,0.078382,0.104972,0.000965,0.000965,0.000000,0.000000,0.000000,0.043981,0.000000,0.000000,0.000000,0.000000,0.000000,0.000000,-0.048248,0.000000,0.001875,-0.160163,0.000000,0.004876,0.036566,0.029177,0.013165,0.000000,0.087723,0.087723],[0.827778,0.000000,-0.026028,0.000027,0.000027,0.000000,0.024927,0.024927,0.014579,-0.043070,-0.043070,-0.095948,0.164227,-0.118359,0.195953,0.195953,0.000346,0.000346,0.000000,0.000000,0.000000,0.000000,0.000000,0.000000,-0.074204,-0.074204,0.000000,0.000000,0.000000,-0.147054,0.000313,1.010694,-0.076802,-0.076802,0.000000,0.000000,0.000000,-0.003320,0.000000,0.000000,0.000000,0.000000,0.000000,0.000000,0.006150,0.000000,-0.000164,-0.098334,0.000000,0.001240,-0.000106,0.019126,0.012565,0.000000,-0.025503,-0.025503],[1.022127,0.000000,0.011994,0.000012,0.000012,0.000000,0.024299,0.024299,-0.159422,0.001601,0.001601,0.041945,-0.025538,0.001122,0.116471,0.116471,-0.000051,-0.000051,0.000000,0.000000,0.000000,0.000000,0.000000,0.000000,0.011766,0.011766,0.000000,0.000000,0.000000,0.227113,-0.017713,-0.041226,0.156218,0.156218,0.000000,0.000000,0.000000,0.797703,0.000000,0.000000,0.000000,0.000000,0.000000,0.000000,-0.059549,0.000000,0.025173,-0.015733,0.000000,0.058098,0.013135,0.072673,0.079610,0.000000,-0.005934,-0.005934],[1.086269,0.000000,0.130576,-0.000125,-0.000125,0.000000,-0.017877,-0.017877,-0.065750,0.004678,0.004678,-0.010906,0.021577,0.066330,0.122299,0.122299,0.001660,0.001660,0.000000,0.000000,0.000000,0.000000,0.000000,0.000000,-0.034660,-0.034660,0.000000,0.000000,0.000000,0.070859,-0.049530,-0.085738,-0.051526,-0.051526,0.000000,0.000000,0.000000,-0.118521,0.985209,0.000000,0.000000,0.000000,0.000000,0.000000,0.113912,0.000000,-0.006813,0.291309,0.000000,0.056350,0.088391,-0.097275,-0.152100,0.000000,0.002942,0.002942]]
alpha = [1.044212,0.712843,0.996382,0.947909,1.130641]
runtime = 18.230000
