seed = 2
ll = -1359.737549
loss_zeroone = 0.302885
loss_symmetric = 0.324571
fscore = 0.500432
clusters = [[2791,2842,2828,2874,2821,2844,2852,2807,2837,2885,2795,2867,2838,2830,2870,2873,2840,2862,2815,2888,2831,2800,2801,2793,2861,2891,2876,2871,2805,2843,2848,2883,2824,2818,2827,2884],[2791,2882,2874,2894,2821,2844,2829,2817,2852,2807,2837,2885,2795,2867,2838,2802,2830,2850,2863,2870,2873,2840,2881,2831,2891,2890,2865,2841,2886,2872,2855,2866,2887,2846,2859]]
theta = [[0.962508,0.000000,0.013179,-0.028646,-0.028646,0.000000,0.098919,0.098919,-0.083690,0.089529,0.089529,-0.110419,0.216106,-0.130105,-0.028941,-0.028941,-0.000064,-0.000064,0.000000,0.000000,0.980586,0.000000,0.000000,0.000000,-0.127373,-0.127373,0.000000,0.000000,0.000000,0.196044,0.124488,0.223749,0.046105,0.046105,0.000000,0.000000,0.000000,0.158384,0.000000,0.000000,0.000000,0.000000,0.000000,0.000000,-0.157101,0.000000,0.034956,-0.192069,0.000000,0.030582,0.063051,0.036097,0.031569,0.000000,-0.082396,-0.082396],[1.013641,0.000000,0.044649,-0.026689,-0.026689,0.000000,0.093904,0.093904,-0.173970,-0.283270,-0.283270,0.051544,0.201640,0.065164,0.001244,0.001244,-0.000000,-0.000000,0.000000,0.000000,0.000000,0.000000,0.000000,0.000000,-0.203044,-0.203044,0.000000,0.000000,0.000000,0.220906,0.035621,0.130590,0.076389,0.076389,0.000000,0.000000,0.000000,0.093605,0.000000,0.000000,0.000000,0.000000,0.000000,0.000000,-0.148503,0.000000,0.233466,0.012400,0.000000,-0.021898,0.153260,-0.013907,-0.053138,0.000000,-0.150193,0.811068]]
alpha = [1.424163,1.388605]
runtime = 8.750000
