seed = 0
ll = -1547.942261
loss_zeroone = 0.259615
loss_symmetric = 0.294218
fscore = 0.481928
clusters = [[2791,2828,2874,2821,2844,2829,2817,2852,2807,2837,2885,2795,2867,2838,2802,2830,2850,2870,2873,2840,2862,2815,2888,2831,2793,2861,2891,2827,2884]]
theta = [[1.001444,0.000000,0.000826,-0.037008,-0.037008,0.000000,0.278386,0.278386,-0.150303,-0.061608,-0.061608,-0.244088,0.327354,-0.036190,0.027340,0.027340,0.132934,0.132934,0.000000,0.000000,0.000000,0.000000,0.000000,0.000000,-0.491135,-0.491135,0.000000,0.000000,0.000000,0.163078,0.149637,0.365144,0.008738,0.008738,0.000000,0.000000,0.000000,0.108707,0.000000,0.000000,0.000000,0.000000,0.000000,0.000000,-0.005035,0.000000,0.277896,-0.037994,0.000000,0.143134,0.112349,-0.058713,-0.014345,0.000000,-0.002183,-0.002183]]
alpha = [2.088127]
runtime = 3.420000
