seed = 3
ll = -569.272644
loss_zeroone = 0.339506
loss_symmetric = 0.235613
fscore = 0.592998
clusters = [[2915,2907,2911,2966,2922,2923,2938,2974,2906,2928,2968,2965,2940,2926,2939,2903,2948,2919,2912,2949,2947,2930,2918,2967,2898,2908,2899,2925,2952,2921,2900,2973,2931,2960,2941,2944,2945,2913,2958,2901,2916,2933,2963,2955,2924,2954,2950,2929,2956,2953,2942,2975,2946,2957,2935,2959,2917,2951],[2897,2949,2947,2930,2969,2909,2918,2967,2908,2925,2952,2972,2973,2931,2960,2941,2971,2944,2958,2927,2916,2902,2964,2950,2929,2956,2953,2975,2946,2957,2935,2920,2959,2934,2917,2970],[2896,2915,2907,2911,2966,2922,2923,2938,2974,2906,2928,2968,2965,2940,2926,2939,2903,2948,2919,2912,2963,2955,1322,2924,2954],[2896,2915,2907,2911,2966,2922,2923,2938,2974,2906,2928,2968,2965,2940,2926,2939,2903,2948,2919,2912,2947,2930,2967,2898,2908,2899,2925,2905,2952,2921,2972,2900,2973,2931,2971,2944,2945,2913,2901,2916,2902,2933,2963,1322,2964,2924,2954,2956,2936,2942,2920,2934,2937,2914,2970,2943]]
theta = [[0.978466,0.000000,-0.075864,0.000000,-0.025461,0.000000,0.000000,0.000000,0.047000,-0.071405,0.962142,-0.006734,-0.014098,-0.059103,-0.064379,-0.027562,-0.062423,-0.062423,0.061201,0.012895,0.000086,0.000000,0.000000],[1.526474,0.000000,0.002538,0.000000,0.063763,0.000000,0.000000,0.000000,0.273993,0.119133,0.013362,0.034848,-0.041771,0.111217,0.141788,0.049288,-0.049416,-0.049416,-0.021362,0.188556,0.072468,0.000000,0.000000],[1.521735,0.000000,-0.048122,0.000000,0.235932,0.000000,0.000000,0.000000,0.416534,0.122727,0.008268,0.119762,0.159412,0.521139,0.569579,0.098041,0.929330,-0.025098,0.083844,-0.111733,0.275203,0.000000,0.000000],[0.969130,0.000000,0.101148,0.000000,0.101349,0.000000,0.000000,0.000000,0.084088,0.169343,-0.000054,-0.005527,0.080159,-0.000203,-0.012106,0.002142,0.014207,0.014207,-0.099051,0.749482,0.025484,0.000000,0.000000]]
alpha = [0.794655,1.075097,1.266686,0.565173]
runtime = 2.870000
