seed = 1
ll = -514.147400
loss_zeroone = 0.320988
loss_symmetric = 0.246288
fscore = 0.556810
clusters = [[2896,2915,2907,2911,2966,2922,2923,2938,2974,2906,2928,2968,2965,2940,2926,2939,2903,2948,2919,2897,2912,2949,2947,2930,2969,2909,2918,2898,2908,2925,2952,2900,2973,2931,2960,2941,2944,2945,2913,2958,2901,2933,2963,2955,1322,2924,2954,2950,2929,2956,2953,2942,2975,2946,2957,2959,2937,2951],[2896,2915,2907,2911,2966,2922,2923,2938,2974,2906,2928,2968,2965,2940,2926,2939,2903,2948,2919,2912,2963,2955,1322,2924,2954],[2897,2949,2947,2930,2969,2909,2918,2967,2908,2899,2925,2905,2952,2972,2900,2973,2931,2960,2941,2971,2944,2958,2927,2916,2902,2964,2950,2929,2956,2936,2953,2975,2946,2957,2935,2920,2959,2934,2917,2914,2970],[2896,2915,2907,2911,2966,2922,2923,2938,2974,2906,2928,2968,2965,2940,2926,2939,2903,2948,2919,2912,2947,2967,2908,2925,2921,2973,2931,2960,2916,2963,1322,2964,2924,2954,2929,2956,2953,2942,2975,2946,2957,2935,2920,2959,2934,2917,2943],[2949,2947,2930,2967,2898,2908,2899,2925,2952,2921,2972,2973,2931,2971,2944,2945,2913,2901,2927,2916,2902,2933,2964,2950,2956,2942,2920,2934,2937,2914,2970,2943]]
theta = [[1.057521,0.000000,-0.060531,0.000000,-0.004534,0.000000,0.000000,0.000000,-0.070054,0.163533,-0.000125,0.952326,0.046550,-0.018328,-0.008743,-0.047916,-0.002567,-0.002567,0.154009,0.133771,0.004084,0.000000,0.000000],[1.545897,0.000000,-0.044851,0.000000,0.200426,0.000000,0.000000,0.000000,0.384324,0.192003,-0.000099,0.090613,0.176481,1.153165,0.218911,0.058504,-0.029979,-0.029979,0.143067,0.050305,0.170262,0.000000,0.000000],[1.476032,0.000000,0.103151,0.000000,0.123102,0.000000,0.000000,0.000000,0.049057,0.114067,-0.000014,0.018810,-0.058762,0.050666,0.043338,0.049222,-0.024807,-0.024807,-0.088783,0.930099,0.108756,0.000000,0.000000],[1.023600,0.000000,-0.001702,0.000000,0.018788,0.000000,0.000000,0.000000,0.083041,-0.043369,0.008925,-0.000180,0.040624,-0.000730,-0.000894,-0.033763,0.945457,-0.012019,0.099314,0.116407,0.063103,0.000000,0.000000],[1.129133,0.000000,0.147815,0.000000,0.038644,0.000000,0.000000,0.000000,0.063049,0.196094,0.975275,0.014689,-0.052624,0.019143,0.012970,0.041977,0.046598,0.046598,-0.061853,-0.024344,0.040579,0.000000,0.000000]]
alpha = [0.781461,1.208183,0.889448,0.714103,0.813926]
runtime = 3.750000
