seed = 0
ll = -913.740723
loss_zeroone = 0.024691
loss_symmetric = 0.037037
fscore = 0.961538
clusters = [[2896,2915,2907,2911,2966,2922,2923,2938,2974,2906,2928,2968,2965,2940,2926,2939,2903,2948,2919,2912,2963,2955,1322,2924,2954]]
theta = [[1.318912,0.000000,-0.078580,0.000000,0.073245,0.000000,0.000000,0.000000,0.267399,0.119413,-0.000252,1.009786,0.169468,0.386883,0.429762,0.034142,0.081504,0.081504,0.062776,-0.147088,0.147498,0.000000,0.000000]]
alpha = [1.396361]
runtime = 0.300000
