seed = 3
ll = -624.690918
loss_zeroone = 0.267490
loss_symmetric = 0.222803
fscore = 0.666512
clusters = [[2896,2915,2907,2911,2966,2922,2923,2938,2974,2906,2928,2968,2965,2940,2926,2939,2903,2948,2919,2912,2963,2955,1322,2924,2954],[2949,2947,2930,2918,2967,2908,2899,2925,2952,2972,2900,2973,2931,2960,2941,2971,2944,2958,2916,2902,2964,2950,2929,2956,2953,2942,2975,2946,2957,2935,2920,2959,2934,2917,2914,2970],[2896,2915,2907,2911,2966,2922,2923,2938,2974,2906,2928,2968,2965,2940,2926,2939,2903,2948,2919,2897,2912,2949,2947,2930,2969,2909,2918,2967,2898,2908,2925,2952,2921,2973,2931,2941,2927,2916,2963,1322,2924,2954,2950,2929,2956,2953,2920]]
theta = [[1.571111,0.000000,-0.044325,0.000000,0.158510,0.000000,0.000000,0.000000,0.411770,0.164024,0.964513,0.078982,0.218759,0.487875,0.531593,0.118753,-0.088879,-0.088879,0.245423,-0.040547,0.203582,0.000000,0.000000],[1.492235,0.000000,0.106374,0.000000,0.096971,0.000000,0.000000,0.000000,0.288017,0.098396,0.008033,0.003428,-0.092748,0.050052,0.069581,0.009516,-0.005730,-0.005730,-0.070695,0.106336,0.131387,0.000000,0.000000],[1.058248,0.000000,-0.031237,0.000000,0.014318,0.000000,0.000000,0.000000,0.000139,0.012801,-0.000172,0.000034,0.077422,0.037964,0.028995,-0.004038,0.901735,-0.055741,0.071868,-0.023972,0.009266,0.000000,0.000000]]
alpha = [1.143178,0.839500,0.573044]
runtime = 6.569300
