seed = 2
ll = -442.918518
loss_zeroone = 0.343210
loss_symmetric = 0.279762
fscore = 0.517841
clusters = [[2896,2915,2907,2911,2966,2922,2923,2938,2974,2906,2928,2968,2965,2940,2926,2939,2903,2948,2919,2912,2947,2930,2967,2908,2899,2925,2952,2972,2900,2973,2931,2960,2941,2971,2944,2958,2916,2902,2963,2955,1322,2964,2924,2954,2929,2956,2953,2975,2957,2935,2920,2959,2934,2970,2951,2943],[2896,2915,2907,2911,2966,2922,2923,2938,2974,2906,2928,2968,2965,2940,2926,2939,2903,2948,2919,2897,2912,2949,2947,2930,2969,2909,2918,2967,2908,2925,2952,2973,2931,2960,2941,2971,2958,2916,2963,2955,1322,2924,2954,2950,2929,2956,2953,2975,2946,2957,2920,2917,2951,2943],[2896,2915,2907,2911,2966,2922,2923,2938,2974,2906,2928,2968,2965,2940,2926,2939,2903,2948,2919,2912,2949,2898,2899,2925,2905,2952,2972,2931,2927,2902,2963,1322,2964,2924,2954,2950,2920],[2897,2949,2947,2930,2969,2909,2918,2967,2898,2908,2899,2925,2905,2952,2921,2972,2900,2973,2931,2960,2941,2971,2944,2945,2913,2958,2901,2927,2916,2902,2933,2964,2950,2929,2956,2936,2953,2942,2975,2946,2957,2935,2920,2959,2934,2917,2937,2914,2970],[2949,2947,2930,2967,2898,2908,2899,2925,2905,2952,2921,2972,2973,2931,2944,2927,2916,2902,2964,2929,2956,2936,2953,2942,2946,2935,2959,2934,2917,2914,2970,2943],[2896,2915,2907,2911,2966,2922,2923,2938,2974,2906,2928,2968,2965,2940,2926,2939,2903,2948,2919,2912,2944,2945,2913,2901,2933,2963,2955,1322,2924,2954,2937],[2915,2907,2911,2966,2922,2923,2938,2974,2906,2928,2968,2965,2940,2926,2939,2903,2948,2919,2897,2912,2949,2947,2930,2969,2909,2918,2900,2973,2960,2941,2945,2913,2958,2933,2963,2955,2924,2954,2950,2942,2937,2914,2970,2951,2943]]
theta = [[1.155076,0.000000,-0.013235,0.000000,0.075462,0.000000,0.000000,0.000000,-0.023616,0.020248,-0.000059,-0.000208,-0.003202,0.000116,0.000224,0.000333,0.006685,0.006685,0.068533,0.115529,-0.061592,0.000000,0.969518],[1.211253,0.000000,-0.187671,0.000000,-0.070753,0.000000,0.000000,0.000000,-0.001200,-0.017213,0.000044,-0.006103,-0.002448,-0.002328,-0.013030,0.000123,0.062576,0.062576,0.947080,0.091272,0.045963,0.000000,0.000000],[1.034777,0.000000,0.002737,0.000000,0.091987,0.000000,0.000000,0.000000,0.130785,0.073645,-0.000070,0.024517,0.011718,0.131559,0.120470,0.039010,0.047634,0.047634,0.032727,-0.040791,0.695800,0.000000,0.000000],[1.751473,0.000000,0.170954,0.000000,0.035083,0.000000,0.000000,0.000000,0.189025,0.226112,0.005802,0.016123,0.021353,0.082616,0.105285,-0.000100,0.023873,0.023873,0.026292,0.233702,0.374829,0.000000,0.000000],[1.111370,0.000000,0.139650,0.000000,0.030946,0.000000,0.000000,0.000000,0.044486,0.025930,0.000240,0.005562,0.031440,0.003500,0.010860,0.000039,-0.030076,-0.030076,-0.016684,-0.010408,0.090045,0.000000,0.000000],[1.438823,0.000000,0.052388,0.000000,0.207246,0.000000,0.000000,0.000000,0.210652,0.297651,-0.000110,0.026378,0.957360,0.265631,0.280775,0.056552,0.057438,0.057438,0.068675,-0.073736,0.011166,0.000000,0.000000],[1.018630,0.000000,0.091693,0.000000,0.068897,0.000000,0.000000,0.000000,-0.100839,0.081547,0.017538,0.003947,0.010295,-0.043250,-0.026818,-0.002371,0.010436,0.010436,0.090005,0.089707,0.018703,0.969518,0.000000]]
alpha = [0.934242,0.963871,0.631472,1.332341,0.916763,1.179622,0.886755]
runtime = 5.480000
