seed = 4
ll = -3311.251709
loss_zeroone = 0.186583
loss_symmetric = 0.147830
fscore = 0.737157
clusters = [[3124,3128,3166,3175,3233,3093,3183,3208,3222,3169,3114,3161,3231,3105,3136,3101,3144,3149,3152,3214,3120,3202,3176,3142,3159,3147,3235,3103,3185,3095,3110,3211,3171,3143,3170,3140,3118,3094,3130,3102,3229,3146,3184,3099,3215,3180,3132,3148,3212,3141,3126,3194,3195,3100,3181,3137,3182,3138,3156,3216,3178,3197,3160,3167,3125,3134,3119,3217,3154,3199,3213,3203,3234,3168,3224],[3128,3164,3233,3183,3208,3222,3114,3161,3231,3105,3101,3144,3149,3152,3214,3120,3202,3176,3142,3159,3235,3103,3185,3095,3110,3171,3143,3170,3140,3118,3130,3102,3229,3184,3099,3180,3212,3126,3195,3137,3138,3156,3197,3125,3134,3119,3218,3135,3122,3154,3098,3117,3097,3113,3172,3174,3205],[3091,3175,3227,3121,3179,3206,3123,3219,3096,3187,3207,3129,3112,3153,3107,3092,3150,3204,3190,3232,3225,3177,3164,3201,3233,3222,3161,3101,3144,3152,3214,3120,3202,3159,3147,3235,3095,3140,3118,3094,3073,3229,3146,3184,3215,3180,3148,3141,3126,3195,3100,3216,3210,3097,3104,3193,3172,3186,3116,3192,3221,3109,3163,3151,3223,3155,3162]]
theta = [[1.095461,0.004841,0.055550,0.101216,0.101216,0.000000,0.876619,-0.115655,-0.067110,0.066652,0.066652,0.038379,0.038379,-0.029439,0.032457,0.032457,-0.017728,-0.017728,-0.019712,-0.019712,-0.025124,-0.025124,0.031049,0.021860,0.061077,0.000000,0.000000,-0.002689,0.052131,0.000000,0.000000,0.000000,0.053740,0.029653,0.000000,0.034500,0.034500,-0.006337,-0.006337],[0.969097,-0.011797,-0.003657,0.022890,0.022890,0.000000,0.112798,0.072902,0.033719,0.036757,0.036757,0.036385,0.036385,0.025344,0.021229,0.021229,-0.016499,-0.016499,-0.044516,-0.044516,-0.006498,-0.006498,0.024937,0.016224,0.018984,0.000000,0.000000,-0.009380,-0.043763,0.997625,0.000000,0.000000,0.060727,0.028343,0.000000,0.033060,0.033060,0.016312,0.016312],[0.873928,-0.010223,-0.100409,-0.236045,0.759248,0.000000,-0.044643,-0.061828,0.071034,-0.058980,-0.058980,0.031669,0.031669,0.006945,0.021176,0.021176,0.003646,0.003646,0.030479,0.030479,0.015379,0.015379,-0.059611,-0.065439,-0.049150,0.000000,0.000000,-0.010956,-0.016183,0.000000,0.000000,0.000000,0.014826,0.021162,0.000000,0.022296,0.022296,-0.010346,-0.010346]]
alpha = [1.098285,1.008132,0.823720]
runtime = 145.254791
