seed = 1
ll = -2956.596436
loss_zeroone = 0.280503
loss_symmetric = 0.187295
fscore = 0.603264
clusters = [[3124,3128,3175,3164,3233,3093,3183,3208,3222,3169,3114,3161,3231,3105,3136,3101,3144,3149,3152,3214,3120,3202,3176,3142,3159,3147,3235,3103,3185,3095,3110,3211,3171,3143,3170,3140,3118,3094,3130,3102,3229,3146,3184,3099,3215,3180,3132,3148,3212,3141,3126,3195,3100,3181,3137,3182,3138,3156,3216,3178,3197,3160,3167,3125,3134,3119,3217,3154,3098,3117,3199,3097,3213,3203,3172,3234,3168,3224],[3124,3128,3166,3207,3233,3208,3222,3114,3161,3231,3105,3101,3149,3152,3214,3120,3202,3176,3142,3159,3235,3103,3185,3095,3211,3171,3143,3140,3118,2997,3047,2986,3028,2976,2995,3052,2994,2999,3220,3094,3130,3032,3073,3008,3040,3229,3146,3184,3099,3180,3212,3126,3194,3182,3156,3216,3178,3197,3167,3125,3135,3122,3154,3193,3234,3168,3186,3205,3221,3223],[3128,3166,3175,3233,3183,3222,3169,3114,3161,3231,3101,3144,3149,3152,3214,3120,3202,3176,3159,3147,3103,3185,3095,3110,3171,3143,3170,3140,3118,3130,3102,3229,3184,3099,3180,3132,3148,3141,3126,3194,3195,3181,3137,3138,3156,3197,3167,3125,3134,3119,3218,3210,3135,3122,3199,3097,3213,3113,3203,3174,3158,3209,3162],[3090,3124,3128,3166,3091,3227,3121,3179,3206,3123,3219,3096,3187,3207,3129,3112,3153,3107,3092,3150,3204,3190,3232,3225,3115,3177,3201,3183,3144,3214,3176,3142,3235,3103,3110,3130,3073,3229,3184,3126,3195,3137,3182,3156,3197,3134,3119,3217,3210,3135,3122,3154,3117,3199,3104,3113,3193,3234,3168,3224,3174,3186,3116,3111,3158,3106,3205,3192,3221,3109,3163,3151,3223,3155,3139,3127],[3166,3091,3175,3227,3121,3179,3206,3123,3219,3096,3187,3207,3129,3112,3153,3107,3092,3150,3204,3190,3232,3225,3115,3177,3164,3201,3233,3093,3208,3222,3161,3231,3105,3136,3101,3196,3144,3149,3152,3214,3120,3202,3142,3159,3147,3235,3095,3211,3170,3140,3118,2997,3047,3028,2976,2995,3052,2994,2999,3220,3094,3073,3008,3040,3146,3099,3215,3180,3212,3141,3194,3195,3100,3181,3216,3160,3210,3122,3104,3193,3172,3108,3133,3200,3116,3230,3111,3205,3192,3221,3109,3163,3151,3223,3198,3155,3209,3162]]
theta = [[1.131201,-0.053369,0.075825,0.116582,0.116582,0.000000,0.286527,0.132713,-0.127537,0.133922,0.133922,0.006879,0.006879,0.120186,-0.001769,-0.001769,-0.112152,-0.112152,-0.004767,-0.004767,-0.075913,-0.075913,0.052228,0.015956,-0.019937,0.000000,0.000000,0.063514,0.088878,0.000000,0.000000,0.000000,0.332715,0.056734,0.000000,0.010207,0.010207,0.023959,0.023959],[0.875973,0.032979,-0.071355,-0.039228,-0.039228,0.000000,0.094147,0.037433,0.251475,-0.004045,-0.004045,0.004093,0.004093,0.065435,-0.022376,-0.022376,0.843389,-0.139246,-0.089387,-0.089387,0.002558,0.002558,-0.069047,-0.097953,0.098622,0.000000,0.000000,-0.072603,-0.129555,0.000000,0.000000,0.000000,0.137314,0.002617,0.000000,-0.020367,-0.020367,-0.032572,-0.032572],[0.912961,-0.070724,-0.010530,0.069197,0.069197,0.000000,0.098811,0.068418,-0.054707,0.025519,0.025519,0.005088,0.005088,0.076698,-0.000100,-0.000100,-0.078335,-0.078335,-0.027610,-0.027610,0.004488,0.004488,0.039145,0.007656,0.010912,0.000000,0.000000,-0.039676,-0.024017,0.000000,0.000000,0.000000,-0.041336,0.049500,0.000000,0.007461,0.996662,0.032951,0.032951],[0.781096,-0.006648,-0.077030,0.076229,0.076229,0.000000,-0.065022,-0.032145,-0.041474,-0.033082,-0.033082,0.002563,0.002563,0.492431,0.049153,0.049153,0.065260,0.065260,0.107072,0.107072,-0.070656,-0.070656,-0.010560,0.004546,-0.032131,0.000000,0.000000,0.047121,0.026951,0.000000,0.000000,0.000000,0.302653,0.035192,0.000000,0.115093,0.115093,0.042780,0.042780],[0.886521,-0.060208,0.008336,-0.028714,-0.028714,0.000000,-0.158666,-0.060144,0.066047,0.039491,0.039491,0.002408,0.002408,-0.046912,0.045354,0.045354,0.083687,0.083687,0.039896,0.039896,-0.034673,-0.034673,-0.035579,-0.026211,-0.081013,0.000000,0.000000,-0.083470,0.016989,0.000000,0.000000,0.000000,0.051857,-0.054961,0.000000,0.948416,-0.034219,0.058375,0.058375]]
alpha = [1.194886,0.862822,0.959566,0.657032,0.861823]
runtime = 80.129997
