seed = 0
ll = -3188.758789
loss_zeroone = 0.248428
loss_symmetric = 0.160538
fscore = 0.652606
clusters = [[3124,3128,3166,3175,3233,3093,3183,3208,3222,3114,3161,3231,3105,3136,3101,3144,3149,3152,3214,3120,3202,3176,3142,3159,3147,3235,3103,3185,3095,3110,3211,3171,3143,3170,3140,3118,3094,3130,3102,3229,3146,3184,3099,3215,3180,3132,3148,3212,3141,3126,3195,3100,3181,3137,3182,3138,3156,3216,3197,3160,3167,3125,3134,3119,3217,3122,3154,3098,3199,3213,3113,3172,3168,3224],[3128,3175,3164,3233,3093,3183,3208,3222,3169,3114,3161,3231,3105,3101,3196,3144,3149,3152,3214,3120,3202,3176,3142,3159,3147,3235,3103,3185,3095,3110,3211,3171,3143,3170,3140,3118,3130,3102,3229,3146,3184,3099,3180,3148,3212,3126,3194,3195,3181,3137,3138,3156,3216,3178,3197,3125,3134,3119,3135,3122,3154,3117,3097,3203,3234,3168,3205,3223],[3124,3128,3091,3227,3121,3179,3206,3123,3219,3096,3187,3207,3129,3112,3153,3107,3092,3150,3204,3232,3225,3177,3201,3233,3208,3222,3169,3114,3161,3231,3105,3136,3101,3149,3152,3214,3120,3202,3176,3142,3159,3147,3235,3103,3095,3171,3143,3140,3118,3094,3184,3099,3215,3180,3132,3212,3141,3126,3194,3195,3178,3197,3160,3167,3210,3135,3154,3199,3097,3104,3193,3172,3234,3186,3116,3205,3192,3221,3109,3163,3151,3223,3127],[3128,3166,3190,3232,3115,3164,3233,3183,3222,3169,3114,3161,3101,3144,3149,3152,3214,3202,3176,3159,3103,3185,3095,3110,3170,2997,3047,2986,3028,2976,2995,3052,2994,2999,3220,3130,3032,3073,3008,3040,3229,3184,3180,3141,3126,3195,3137,3182,3156,3178,3197,3167,3125,3134,3119,3218,3217,3210,3117,3199,3097,3213,3203,3234,3224,3174,3111,3158,3155,3209,3162]]
theta = [[0.916514,-0.002030,0.016180,0.672968,-0.312832,0.000000,0.218540,0.160975,-0.057177,0.092704,0.092704,0.050644,0.050644,-0.009616,0.023933,0.023933,-0.012242,-0.012242,-0.048866,-0.048866,-0.022348,-0.022348,0.070995,0.050430,0.040037,0.000000,0.000000,0.011816,0.049153,0.000000,0.000000,0.000000,0.077211,0.000040,0.000000,0.035965,0.035965,-0.042147,-0.042147],[0.822687,-0.037779,0.012292,0.012702,0.012702,0.000000,0.206264,0.128688,0.042081,0.075804,0.075804,0.050136,0.050136,-0.113870,0.054177,0.054177,-0.011921,-0.011921,-0.127712,-0.127712,-0.026963,-0.026963,-0.008793,-0.029014,0.050230,0.000000,0.000000,0.014470,-0.013421,0.000000,0.992876,0.000000,0.061070,0.000035,0.000000,0.035585,0.035585,0.002956,0.002956],[0.879342,-0.031044,-0.142604,0.050080,0.050080,0.000000,-0.120432,-0.088402,0.049659,0.024308,0.024308,0.041639,0.041639,0.016189,0.105891,0.105891,0.006754,0.006754,-0.004982,-0.004982,-0.031891,-0.031891,-0.027967,-0.045077,-0.077686,0.000000,0.000000,0.638715,-0.185208,0.000000,0.000000,0.000000,0.006977,0.056821,0.000000,-0.018126,-0.018126,0.030575,0.030575],[0.782919,-0.050628,-0.053952,-0.020100,-0.020100,0.000000,0.170747,0.032346,0.057814,0.035446,0.035446,0.046927,0.046927,0.039768,-0.141458,-0.141458,-0.028233,-0.028233,-0.047538,-0.047538,-0.006067,-0.006067,-0.074861,-0.046260,-0.132881,0.000000,0.000000,-0.026082,-0.140908,0.000000,0.000000,0.992876,0.167045,0.000026,0.000000,-0.000214,-0.000214,0.038632,0.038632]]
alpha = [1.151901,1.102399,0.875500,1.051405]
runtime = 57.939999
