seed = 1
ll = -3877.225586
loss_zeroone = 0.050314
loss_symmetric = 0.047619
fscore = 0.950000
clusters = [[3124,3128,3166,3175,3233,3093,3183,3208,3222,3169,3114,3161,3231,3105,3136,3101,3144,3149,3152,3214,3120,3202,3176,3142,3159,3147,3235,3103,3185,3095,3110,3211,3171,3143,3170,3140,3118,3094,3130,3102,3229,3146,3184,3099,3215,3180,3132,3148,3212,3141,3126,3195,3100,3181,3137,3182,3138,3156,3216,3178,3197,3160,3167,3125,3134,3119,3217,3122,3154,3199,3097,3213,3203,3234,3168,3224]]
theta = [[0.847140,-0.025960,0.011752,0.026804,0.026804,0.000000,0.216775,-0.026798,-0.016143,0.021641,0.021641,0.362849,0.362849,-0.009122,-0.000848,-0.000848,-0.049291,-0.049291,-0.077247,-0.077247,-0.001281,-0.001281,0.037522,-0.067094,0.040588,0.000000,0.000000,-0.084805,0.098842,0.000000,0.000000,0.000000,0.078843,0.062532,0.000000,0.030709,0.030709,-0.002147,-0.002147]]
alpha = [2.819007]
runtime = 10.930000
