seed = 3
ll = -11297.723633
loss_zeroone = 0.232075
loss_symmetric = 0.253628
fscore = 0.463956
clusters = [[572,506,496,518,470,519,468,446,442,547,580,421,495,377,573,575,558,422,388,539,474,456,378,358,473,382,569,498,542,584,499,582,357,561,577,560,434,534,458,415,439,509,457,420,451,400,426,505,403,566,405,350,465,589,396,568,371,375,554,460,430,605,487,427,477,504,517,448,475,381,488,595,461,406,484,379,459,501,586,372,435,608,471,550,527,352,409,531,447,469,592,395,374,522,441,528,491,540,556,444,590,472,389,507,392],[346,506,496,518,470,446,442,580,421,495,606,603,575,558,422,388,456,378,358,498,542,584,582,438,561,577,476,347,560,534,458,545,425,415,439,373,420,451,400,505,566,546,405,490,567,465,589,371,393,390,375,554,604,460,430,464,585,605,429,477,448,406,356,550,527,363,441,516,492,491,540,385,593,419,368,389,397,450,520,366,480,384,502,525]]
theta = [[0.921688,-0.045679,0.216292,-0.129631,-0.129631,0.000000,0.173185,0.173185,0.029148,0.043976,0.000000,0.179915,0.000000,-0.041193,-0.009667,-0.116122,0.015490,0.021554,-0.089321,0.007595,0.057967,0.065377,0.003468,0.003468,-0.053714,0.611621,-0.381644],[0.684451,-0.038904,0.309210,-0.140977,-0.140977,0.000000,0.180525,0.180525,-0.001381,0.316807,0.000000,-0.030758,0.000000,0.124087,-0.040697,-0.030941,0.030000,0.005067,-0.017926,0.062229,0.069380,-0.023086,-0.030918,-0.030918,0.119618,0.110198,0.110198]]
alpha = [1.334146,1.107530]
runtime = 191.000000
