seed = 0
ll = -12351.551758
loss_zeroone = 0.154717
loss_symmetric = 0.141379
fscore = 0.835341
clusters = [[506,496,518,470,519,446,442,547,580,421,495,377,606,573,575,558,422,388,539,474,456,378,358,473,569,498,542,584,499,582,357,561,577,476,347,560,534,458,545,415,439,509,457,373,420,451,400,426,505,403,566,405,350,465,589,396,568,371,375,554,460,430,585,605,429,477,504,517,448,475,381,488,595,461,406,356,484,379,459,372,435,608,471,550,527,352,409,531,447,469,395,374,522,441,528,491,540,444,590,472,419,389,507,392]]
theta = [[0.724946,0.562782,0.176656,-0.071082,-0.071082,0.000000,0.065604,0.065604,0.025453,0.141571,0.000000,0.140077,0.000000,0.032181,-0.011387,-0.072900,0.032866,0.005863,-0.097534,-0.000113,0.059114,-0.025586,-0.027114,-0.027114,-0.015199,0.026176,0.026176]]
alpha = [2.562394]
runtime = 82.279999
