seed = 2
ll = -9022.492188
loss_zeroone = 0.266981
loss_symmetric = 0.239614
fscore = 0.483865
clusters = [[346,572,506,496,518,470,519,468,446,442,547,580,421,495,377,606,573,603,575,558,422,388,539,474,456,378,358,473,382,569,498,542,584,499,582,438,357,561,577,476,347,560,434,534,458,545,425,415,439,509,457,373,420,451,400,426,505,403,566,546,405,350,490,355,567,465,589,396,568,371,393,390,375,554,604,460,430,585,605,487,429,427,477,504,517,448,475,381,488,595,461,406,356,484,379,459,372,435,608,471,550,527,409,531,447,469,395,374,522,441,528,516,492,491,540,583,385,444,593,590,472,419,368,389,397,450,507,392,520,384,502,525,412,414],[506,496,518,470,519,446,442,547,580,421,495,377,606,573,575,558,422,388,539,474,456,378,358,473,382,498,542,584,499,582,357,577,560,534,458,415,439,457,420,451,400,505,403,566,405,350,589,396,568,371,375,554,464,557,477,504,448,475,381,488,595,461,406,484,379,459,501,586,372,435,471,550,527,363,352,533,515,409,531,469,592,395,374,522,364,556,444,486,590,389,507,370,366,365],[569,567,512,501,354,588,463,602,574,536,607,367,559,359,601,453,597,543,513,576,579,548,587,594,404,391,433,467,530,440,411,581,432,479,452,445,401,549,485,383,483,551,552,423,437,478,599,424,570,408,511,486,571,500,410,462,503,610,564,532,361,380,402,563,407,510,386,360,387,598,591,529,489,535,394,523,541],[496,518,470,446,442,580,421,495,603,575,558,422,388,449,456,358,569,498,542,582,561,577,476,347,560,434,534,458,545,425,415,439,509,457,373,420,451,400,426,505,403,566,405,567,465,589,396,371,390,375,554,604,460,430,464,585,605,487,429,427,477,517,448,512,461,406,356,501,586,608,550,527,363,352,515,447,469,592,364,441,528,354,588,463,574,536,607,367,359,601,453,597,543,576,579,548,587,594,391,433,467,530,440,411,581,432,452,445,549,485,383,483,482,516,491,540,556,551,552,423,437,478,599,424,408,511,486,472,419,389,397,450,503,610,564,532,407,510,386,360,392,387,591,529,520,366,494,365,544,480,525,493,416,596,398,553,455,466]]
theta = [[1.078801,-0.046331,0.230935,-0.003541,-0.003541,0.000000,0.082946,0.082946,0.148990,0.104767,0.000000,-0.000290,0.000000,0.134503,-0.000887,0.048013,-0.006875,0.018075,-0.074687,-0.071800,-0.277816,0.551859,0.064065,0.064065,0.017090,0.115170,0.115170],[0.885740,-0.041903,0.072594,-0.025852,-0.025852,0.000000,-0.371001,0.618761,0.019951,0.143823,0.000000,0.089931,0.000000,0.017753,-0.004779,-0.011608,-0.052277,-0.043273,0.043881,-0.035589,0.008202,0.053210,-0.031173,-0.031173,-0.053931,0.010308,0.010308],[1.263450,-0.003637,0.098295,0.241783,0.241783,0.000000,-0.007527,-0.007527,0.213198,0.085992,0.000000,-0.009487,0.000000,0.196605,0.028805,0.011890,0.074380,0.079238,-0.052327,-0.009283,-0.031802,-0.013425,-0.118475,-0.118475,-0.018517,-0.492317,0.497445],[0.712786,-0.070311,0.137406,0.000064,0.000064,0.000000,0.065921,0.065921,-0.048013,0.012585,0.000000,-0.004546,0.000000,0.026315,0.025956,0.020145,-0.044445,-0.072102,0.013852,0.039394,0.021793,0.017948,0.010462,0.010462,0.972891,0.009077,0.009077]]
alpha = [1.022488,0.932742,0.965360,0.821830]
runtime = 352.310028
