seed = 0
ll = -9436.015625
loss_zeroone = 0.183648
loss_symmetric = 0.193830
fscore = 0.620293
clusters = [[346,572,506,496,518,470,519,468,446,442,547,580,421,495,377,606,573,603,575,558,422,388,539,474,456,378,358,473,382,569,498,542,584,499,582,438,357,561,577,476,347,560,434,534,458,545,425,415,439,509,457,373,420,451,400,426,505,403,566,546,405,350,567,465,589,396,568,371,390,375,554,604,460,430,464,585,605,487,429,427,477,504,517,448,475,381,488,595,461,406,356,484,379,459,501,586,372,435,608,471,550,527,363,352,409,531,447,469,592,395,374,522,441,528,516,491,540,556,385,444,593,590,472,419,389,397,450,507,392,520,366,480,384,525,412],[506,496,518,470,519,446,442,547,580,421,495,377,573,575,558,422,388,539,474,449,456,378,358,473,498,542,584,499,582,357,577,560,534,458,415,439,457,420,451,400,505,403,566,405,350,490,355,465,589,396,568,371,393,375,554,460,477,504,448,512,475,381,488,595,461,406,484,379,459,372,471,550,527,533,515,531,469,395,374,522,364,441,528,588,597,543,594,383,482,492,491,540,583,444,486,590,368,389,507,392,370,365,544,502,394,398,414],[569,567,512,501,354,588,463,602,574,536,607,367,559,359,601,453,597,543,513,576,579,548,587,594,404,391,433,467,530,440,411,581,432,479,452,445,401,549,485,383,483,551,552,423,437,478,599,424,570,408,511,486,571,500,410,462,503,610,564,532,361,380,402,563,407,510,386,360,387,598,591,529]]
theta = [[1.234714,0.936110,0.215606,-0.047411,-0.047411,0.000000,0.124315,0.124315,0.079678,0.026759,0.000000,-0.003859,0.000000,0.064212,0.050640,0.046817,0.035654,0.034463,-0.033288,-0.034653,0.092463,0.085464,0.003660,0.003660,-0.011755,0.115605,0.115605],[0.861398,-0.054215,0.017401,-0.046292,-0.046292,0.000000,0.018609,0.018609,0.021463,0.126375,0.000000,0.024620,0.000000,0.021381,-0.035461,-0.038094,-0.003626,-0.001842,-0.029001,-0.008332,0.007431,0.012611,0.014564,0.014564,0.017144,0.008903,0.008903],[1.381883,0.013497,0.124057,0.140847,0.140847,0.000000,0.060670,0.060670,0.102501,0.130403,0.000000,-0.004951,0.000000,0.207887,0.042185,0.044188,0.063773,0.066196,-0.028026,0.037603,-0.034910,-0.018045,-0.026435,-0.026435,0.020984,-0.012491,-0.012491]]
alpha = [0.919508,0.801887,1.077464]
runtime = 1249.145020
