seed = 1
ll = -26492.376953
loss_zeroone = 0.089552
loss_symmetric = 0.215839
fscore = 0.716981
clusters = [[4324,4210,4158,3980,4033,4389,3745,4229,4297,4282,4348,3799,4342,3877,3825,3797,3828,3761,4403,4329,4334,4140,4138,4278,3885,4063,4264,3836,3900,3913,4361,3923,4275,3883,3987,4018,4405,4290,3892,4230,3878,4260,4089,3816,3802,3844,4133,3929,3991,4042,3934,4369,4321,4142,4296,4199,3833,3881,3955,4163,4164,4238,3953,3903,3995,4043,3977,4116,4092,3920,3973,3817,3907,4319,4325,3893,3880,3949,4060,4207]]
theta = [[1.615785,0.000000,0.000000,0.136825,0.136825,0.329694,0.187313,-0.009093,-0.009093,0.079432,0.068994,-0.002588,0.184367,0.173439,0.114376,0.589931,-0.409577,-0.032933,-0.032933,0.092962,0.072095,0.053248,0.000000,0.000000,0.000000]]
alpha = [1.770589]
runtime = 415.839996
