seed = 2
ll = -21588.236328
loss_zeroone = 0.102985
loss_symmetric = 0.145218
fscore = 0.688279
clusters = [[4324,4210,3890,4158,3980,3986,4086,4033,4389,4204,3745,4229,4311,4297,4282,4348,3799,4342,3877,3825,3797,3828,3761,4403,4329,4334,4140,4059,4028,4138,4278,3885,4063,4264,3836,3900,3913,4361,3923,4275,4114,3883,3987,4035,3832,4018,4405,4290,3892,4230,3878,4260,4089,3816,3802,3844,4133,3929,3991,4042,3934,4369,4321,4142,4296,4199,3833,3881,3955,4163,3960,4164,4238,3953,3982,3903,3995,4043,3750,3977,3860,4187,4281,3796,3858,4116,4139,4092,3920,3973,3817,4051,4159,3907,4319,4198,3961,4325,3893,3880,4327,3949,4294,3867,4254,4353,3988,3857,4245,4060,4207,3873,4026,4121,3917,4215,3932],[3736,4401,3849,4287,3928,3803,4201,4352,3758,4298,3943,4081,4145,4165,4186,4291,4112,4246,4038,4009,3978,3915,3847,3924,4010,3775,4359,4390,3996,4391,3739,3875,3941,3850,3800,4045,4075,4118,3876,3780,4388,4123,4373,3936,4048,4354,3950,4382,3886,4087,4252,4394,4111,4266,4320,4090,3812,4250,4093,3925,4152,4273,4292,3884,4350,4114,4349,4062,4213,3752,3766,4336,4277,3838,4108,4365,4364,3891,3852,4392,4179,4212,3762,3862,4076,4279,3793,3804,3782,3993,4267,3974,4274,4141,4222,4386,4331,4172,4055,4362,4221,4232,3784,4302,4323,4162,4217,3855,4385,3992,3811,4303,4005,3840,4129,3914,3994,3822,4176,4002,4155,3795,3935,4169,4300,4310,3794,3810,4270,4305,4170,3944,4102,4399,4203,4025,3910,4036,3853,4251,4216,4180,4234,3981]]
theta = [[1.375905,0.000000,0.000000,0.047451,0.047451,0.257078,0.177659,-0.007740,-0.007740,0.098125,0.993923,-0.004154,0.066313,0.060941,0.103097,0.040998,0.040998,0.008488,0.008488,0.026621,0.018844,0.110587,0.000000,0.000000,0.000000],[1.237530,0.000000,0.000000,0.022285,0.022285,0.166173,0.104569,-0.007401,-0.007401,0.024164,-0.025124,0.970216,0.057251,0.052043,0.069062,0.050832,0.050832,-0.008590,-0.008590,0.007080,0.003148,0.060616,0.000000,0.000000,0.000000]]
alpha = [1.439433,1.322651]
runtime = 2006.709961
