seed = 0
ll = -19538.792969
loss_zeroone = 0.158209
loss_symmetric = 0.147409
fscore = 0.665071
clusters = [[4324,4210,3890,4000,4158,3980,3986,4086,4033,4389,4204,3745,4229,4311,4297,4282,4348,3799,4342,3877,3825,3797,3828,3761,4403,4329,4334,4140,4059,4028,4138,4278,3885,4063,4264,3836,3900,3913,4361,3923,4275,4114,3883,3987,4035,3832,4018,4405,4290,3892,4230,3878,4260,4089,3816,3802,3844,4133,3929,3918,3991,4042,3934,4369,4321,4142,4296,4199,3833,3881,3955,4163,3960,4164,4238,3953,3982,3903,3995,4196,4043,3750,3977,3860,4187,4281,3858,4116,4139,4092,3920,3973,3817,3969,3959,3945,4051,4159,3907,4319,4198,3961,4325,3893,3880,4327,3949,4294,4400,4254,4353,3963,4245,4060,4207,3873,4026,4067,4121,3917,4215,3932],[3736,4401,3849,4287,3928,3803,4201,4352,3758,4298,3943,4081,4145,4165,4186,4291,4112,4246,4038,4009,3978,3915,3847,3924,4010,3775,4359,4390,3996,4391,3739,3875,3941,3850,3800,4045,4075,4118,3876,3780,4388,4123,4373,3936,4048,4354,3950,4382,3886,4087,4252,4394,4111,4266,4320,4090,3812,4250,4093,3925,4152,3962,4273,4292,3884,4350,4114,3989,4349,3965,4065,4062,4213,3766,4336,4277,3838,4108,3976,4365,4364,3891,3852,4392,4179,3762,3862,4076,4279,4015,3793,3804,3782,4039,4181,3993,4098,4004,4306,4267,3974,4274,4141,4222,4386,4331,4172,4055,4362,4221,4232,3784,4302,4323,4384,4162,4217,3855,4385,3992,3811,3856,4303,4005,4052,3840,4129,4224,3914,4218,3994,3822,4176,4002,4155,3795,3935,4169,4300,4310,3794,3810,4270,4305,4170,3944,3958,4102,4399,4203,4025,3910,4240,4347,4206,4034,3853,4251,4216,4180,4173,4234,4194,3981,3921,4144],[4324,3790,4210,3980,4390,3996,3739,3875,3941,3850,3800,4045,4075,4118,3876,3780,4388,4123,4373,4322,3936,4048,4354,3950,4382,3886,4087,4252,4394,4111,4266,4320,4090,3812,4250,4093,3925,4152,3742,4293,3986,4273,4001,4183,3968,4027,4209,4200,3904,4033,4099,3869,4037,3760,4402,4094,4066,4110,3872,3868,3781,3792,4389,3745,4297,4282,4348,3799,4342,3877,3797,3828,3761,4403,4329,4334,4140,4138,4278,3885,4063,4264,3836,3900,3913,3923,4275,3883,3987,4018,4405,4290,3892,4230,3878,3816,3802,3844,4133,3991,4042,3934,4369,4321,3746,4056,4142,3948,4345,4049,3965,4296,3833,3881,4164,3947,4113,3930,3916,4280,4367,4024,4117,4238,3953,3903,3995,3895,3786,3977,3749,4119,3805,3779,4185,4317,3753,3926,4062,4213,3752,3796,4011,4148,4160,3839,3819,3985,3815,4054,4380,4239,3870,4326,3939,4032,3972,4006,3954,4333,4202,3820,3970,3757,4058,4318,4116,4212,3862,4076,3946,3907,4319,4104,4325,3821,3880,3949,4095,4021,4182,4346,3993,4283,4197,3768,4055,4214,4323,4376,3855,4385,3992,3851,4303,4005,4154,4343,3840,3861,4130,4378,3778,4257,3867,3813,4383,4288,3951,3814,3896,4235,4332,4360,4046,4256,4022,4357,3909,4036,3905,3988,3942,3834,3842,3887,3901,3857,4088,4243,3882,4366,3908,4207,3830,4016,4192,3911,4101,4237,3898,4031,4085,4061]]
theta = [[1.346877,0.000000,0.000000,-0.002642,-0.002642,0.313907,0.166578,-0.014337,-0.014337,0.059055,-0.009301,-0.017834,0.102847,0.094535,0.078169,0.125090,0.125090,0.015023,0.015023,0.923426,-0.077103,0.096907,0.000000,0.000000,0.000000],[1.202535,0.000000,0.000000,0.022040,0.022040,0.183477,0.107924,-0.011906,-0.011906,0.675878,-0.001862,0.004975,0.069459,0.062401,0.061643,0.067370,0.067370,-0.027674,-0.027674,0.017622,0.018005,0.069120,0.000000,0.000000,0.000000],[1.064123,0.000000,0.000000,0.010541,0.010541,0.098728,0.022767,0.008528,0.008528,-0.009646,-0.018092,-0.025011,0.037811,0.039972,0.016516,-0.021935,-0.021935,-0.007268,-0.007268,0.929156,-0.071244,-0.034625,0.000000,0.000000,0.000000]]
alpha = [1.316392,1.045646,1.089445]
runtime = 14168.326172
