seed = 4
ll = -9724.237305
loss_zeroone = 0.130332
loss_symmetric = 0.276605
fscore = 0.510753
clusters = [[4766,4408,4691,4591,4578,4467,4773,4750,4781,4569,4592,4615,4657,4504,4747,4566,4485,4508,4712,4413,4589,4503,4793,4729,4701,4415,4514,4472,4614,4799,4515,4630,4826,4731,4548,4583,4694,4776,4509,4814,4520,4827,4513,4674,4483,4660,4617,4438,4769,4695,4724,4800,4758,4666,4809,4459,4464,4677,4797],[4766,4467,4773,4592,4615,4504,4485,4589,4503,4793,4729,4701,4601,4786,4415,4514,4472,4515,4500,4694,4708,4509,4827,4513,4823,4674,4483,4419,4730,4660,4590,4617,4491,4662,4532,4769,4695,4682,4724,4800,4727,4488,4469,4482,4666,4527,4633,4763,4740,4481,4828,4653,4624,4575,4788,4452,4572,4687,4542,4596,4656,4473,4796,4556,4808,4540,4810,4567]]
theta = [[1.349735,0.000000,0.223627,0.000000,0.000000,0.000757,0.009189,0.009189,0.089632,0.018259,0.018259,0.000000,0.000000,0.000000,0.000000,0.078219,0.000000,0.000000,-0.004491,-0.004491,-0.000702,-0.000702,0.000000,0.000000,0.006272,0.006272,-0.030120,-0.014019,0.000000,0.000000,0.010445,0.010445,0.000000,0.000000,-0.012956,-0.012956,-0.012813,-0.012813,0.031967,0.000777,0.000777,-0.003898,-0.003898,-0.003898,-0.003898,-0.003898,-0.003898,0.999597,-0.004275,0.000000,0.125842,0.002416,0.003966,0.003966,0.000000,-0.018885,-0.018885,-0.000336,0.000000,0.000000,0.000000,0.002500,0.000000,0.000000,0.000000,0.000000,0.000000,0.000000,0.000000,0.000000,0.000000,-0.001001,-0.001001,-0.000468,0.000000,0.000000,0.000000,0.000000,0.000000,0.000000,0.000000,-0.000468,0.000000,0.003772,0.000000,0.000000,0.000000,0.000000,0.000000,0.002500,0.002500,0.000000,0.000000,0.001184,0.003060,0.000000,0.000000,0.000000,0.000000,0.000000,0.000000,0.000000,0.000000,0.000000,0.000000,0.000000,0.000000,0.000000,0.000000,0.000000,0.000000,0.000000,0.000000,0.000000,0.000000,0.000000,0.000000,0.000000,0.000000,0.000000,0.000000,0.000000,0.000000,0.000000,0.020571,0.020571,0.000000,0.000000,0.000000,0.000000,0.000000,0.069737,0.069737],[1.242452,0.000000,0.165666,0.000000,0.000000,0.004066,0.008989,0.008989,0.042795,0.007620,0.007620,0.000000,0.000000,0.000000,0.000000,0.037138,0.000000,0.000000,-0.017706,-0.017706,-0.000633,-0.000633,0.000000,0.000000,-0.002667,-0.002667,-0.029024,-0.013245,0.000000,0.000000,0.010225,0.010225,0.000000,0.000000,0.000213,0.000213,-0.012339,-0.012339,0.032127,0.000866,0.000866,-0.003691,-0.003691,-0.003691,-0.003691,-0.003691,-0.003691,0.000000,-0.004256,0.000000,0.101385,0.002559,0.003872,0.003872,0.000000,-0.025339,-0.025339,-0.000300,0.000000,0.000000,0.000000,0.002449,0.000000,0.000000,0.000000,0.000000,0.000000,0.000000,0.000000,0.000000,0.000000,-0.000862,-0.000862,-0.000438,0.000000,0.000000,0.000000,0.000000,0.000000,0.000000,0.000000,-0.000438,0.000000,0.003686,0.000000,0.000000,0.000000,0.000000,0.000000,0.002449,0.002449,0.000000,0.000000,1.001145,0.002992,0.000000,0.000000,0.000000,0.000000,0.000000,0.000000,0.000000,0.000000,0.000000,0.000000,0.000000,0.000000,0.000000,0.000000,0.000000,0.000000,0.000000,0.000000,0.000000,0.000000,0.000000,0.000000,0.000000,0.000000,0.000000,0.000000,0.000000,0.000000,0.000000,-0.009065,-0.009065,0.000000,0.000000,0.000000,0.000000,0.000000,0.060591,0.060591]]
alpha = [1.354178,1.284260]
runtime = 580.979980
