seed = 0
ll = -11042.332031
loss_zeroone = 0.094787
loss_symmetric = 0.209846
fscore = 0.666667
clusters = [[4766,4408,4691,4591,4578,4467,4773,4781,4569,4592,4615,4657,4504,4747,4566,4485,4508,4712,4413,4589,4503,4793,4729,4701,4415,4514,4472,4799,4515,4630,4826,4548,4583,4694,4776,4509,4814,4827,4513,4823,4674,4483,4730,4660,4617,4491,4769,4695,4724,4800,4758,4666,4809,4452,4572,4542]]
theta = [[1.644132,0.000000,0.275323,0.000000,0.000000,-0.012818,0.031750,0.031750,0.098380,0.019817,0.019817,0.000000,0.000000,0.000000,0.999440,0.064272,0.000000,0.000000,-0.018622,-0.018622,0.004576,0.004576,0.000000,0.000000,-0.018105,-0.018105,-0.040914,-0.003152,0.000000,0.000000,0.026127,0.026127,0.000000,0.000000,-0.033434,-0.033434,-0.019346,-0.019346,0.108462,0.010702,0.010702,-0.001107,-0.001107,-0.001107,-0.001107,-0.001107,-0.001107,0.000000,-0.023409,0.000000,0.163954,-0.008653,0.009476,0.009476,0.000000,-0.020700,-0.020700,0.001699,0.000000,0.000000,0.000000,0.007999,0.000000,0.000000,0.000000,0.000000,0.000000,0.000000,0.000000,0.000000,0.000000,0.008095,0.008095,0.000121,0.000000,0.000000,0.000000,0.000000,0.000000,0.000000,0.000000,0.000121,0.000000,0.009673,0.000000,0.000000,0.000000,0.000000,0.000000,0.007999,0.007999,0.000000,0.000000,0.011584,0.009157,0.000000,0.000000,0.000000,0.000000,0.000000,0.000000,0.000000,0.000000,0.000000,0.000000,0.000000,0.000000,0.000000,0.000000,0.000000,0.000000,0.000000,0.000000,0.000000,0.000000,0.000000,0.000000,0.000000,0.000000,0.000000,0.000000,0.000000,0.000000,0.000000,-0.027375,-0.027375,0.000000,0.000000,0.000000,0.000000,0.000000,0.127925,0.127925]]
alpha = [1.856941]
runtime = 123.540001
