seed = 4
ll = -8132.390137
loss_zeroone = 0.214008
loss_symmetric = 0.152266
fscore = 0.640191
clusters = [[4830,4840,4996,4866,4962,4951,4982,5055,4872,5015,5008,4893,5021,5031,5035,5057,4949,4972,4834,4848,5003,4832,5080,4929,5078,4860,4846,4964,4933,5081,4930,4999,4859,4892,4971,4967,5001,4889,4926,5025,4948,5023,4931,4887,4906,5042,4988,5014,4983,4985,4871,5085,4833,4981,4876,4862,4885,4934,5005,4857,4867,4920,4886,4976,5024,5041,4941,4918,5079,4875,5010,4956,4943,5032,4838,4991,4850,4992,4986,4958,5066,4947,4927,4966,5036,4978,4900,5047,4877,4953,4915,4895,4913,5045,5074,4936,4965],[4942,5044,4831,4950,4935,4891,5006,5028,4960,5054,5022,5014,4865,5039,4987,4983,5073,5030,4898,4938,4984,5061,5038,5037,4905,4955,5012,4904,4880,4937,4871,4925,4851,4975,5009,4839,4869,4844,5046,4853,4833,4864,5056,4894,4979,5069,4861,4997,4882,4977,5065,5064,4959,5029,4883,5059,5049,4989,4858,5007,4909,5053,5068,5019,4968,5062,4855,4919,4902,5034,4961,4923,5000,4954,4863,4874,4856,5052,4976,5026,5060,4888,4843,4870,5063,5020,4921,4873,4928,5002,4836,4995,4908,4922,4910,4914,4974,4946,4939,4852,4970,5051,4916],[4830,4840,4996,4866,4962,4951,4982,4942,5055,4872,5015,5008,4901,4893,5021,5031,5035,5057,4949,4972,4834,4848,5003,4832,5044,5080,4940,4929,5078,4994,4846,4964,4933,5081,4930,4999,4859,4892,4971,4967,5001,4889,4926,5025,4948,5023,4831,4931,4887,4906,4924,4944,4988,5040,5058,4917,4907,4932,5082,4845,5014,4865,4878,5037,5083,4925,5085,4998,4853,4979,4981,4876,5065,4883,4885,5053,5068,4952,4961,4923,4934,5005,4857,4912,4867,4920,4886,4954,4945,4976,5026,5024,5041,4941,4918,5079,4875,5010,4956,4849,4943,5032,4838,4991,4850,4992,4958,5066,4947,4927,4897,4966,5036,4978,4908,5047,4922,4910,4837,4868,4842,4953,4915,4895,5027,4913,5045,4936,4965,4946,4939,4970,4916],[4840,4962,4982,5055,5015,4832,4831,4931,4924,4944,4950,4935,5042,4891,5006,5028,4988,4960,5054,5040,5058,5022,4917,4907,5048,4932,5082,4845,5014,5039,4987,4983,5073,5030,4878,4898,4938,4984,5038,4985,4905,4955,5012,5083,4904,5033,4880,4937,4871,4851,4975,5085,5009,4839,4869,4844,4998,4833,4864,5056,4894,4981,4876,5069,4861,4997,4977,5064,4959,5029,5059,4862,5049,4885,5007,4909,4952,5019,4968,5062,4855,4919,4902,5034,5000,4863,4856,4945,5052,5060,4835,5043,4927,4896,4990,4881,4890,5084,4980,5004,5017,4854,5013,5016,5018,4957,4900,4837,4868,4842,5027,4899,5077,5067,4963,5076,4847,4841,5072,5050]]
theta = [[1.253975,-0.008221,0.000024,0.500721,-0.488393,0.000000,-0.064755,-0.064755,-0.091031,0.030096,0.030096,0.070224,0.070224,0.025882,0.025882,0.110342,0.105421,-0.010669,0.066668,0.066668,0.000000,0.000000,0.000000,-0.019067,-0.003540,0.020568,-0.121720,-0.121720,-0.015999,-0.028699,-0.031926,-0.031926,0.011164,0.011164],[1.029076,-0.011864,0.021895,0.115539,0.115539,0.000000,-0.214331,-0.214331,0.077356,0.102739,0.102739,0.914724,-0.074602,0.055073,0.055073,0.125658,0.176741,0.127088,0.082992,0.082992,0.000000,0.000000,0.000000,0.320401,0.060438,0.014545,-0.012652,-0.012652,-0.020313,-0.001887,-0.013592,-0.013592,0.075119,0.075119],[1.157417,-0.006452,-0.001978,0.078372,0.078372,0.000000,0.058069,0.058069,-0.025193,0.066105,0.066105,0.072971,0.072971,-0.404582,0.584532,0.104744,0.105221,0.059552,-0.023547,-0.023547,0.000000,0.000000,0.000000,-0.161757,-0.015830,0.069061,0.051033,0.051033,0.053753,0.035286,0.022871,0.022871,0.121479,0.121479],[1.188799,-0.001313,0.024112,0.011419,0.011419,0.000000,-0.020095,-0.020095,0.116426,0.069946,0.069946,0.017587,0.017587,0.080744,0.080744,0.054532,0.023249,0.055733,-0.078364,-0.078364,0.000000,0.994550,0.000000,0.057901,0.007249,-0.046247,0.043026,0.043026,0.016552,0.037526,-0.039318,-0.039318,0.077100,0.077100]]
alpha = [0.887307,0.981412,0.747584,0.969866]
runtime = 345.380005
