seed = 2
ll = -8725.917969
loss_zeroone = 0.206226
loss_symmetric = 0.148707
fscore = 0.672846
clusters = [[4830,4840,4996,4866,4962,4951,4982,4942,5055,4872,5015,5008,4901,4893,5021,5031,5035,5057,4949,4972,4834,4848,5003,4832,5044,5080,4940,4929,5078,4860,4994,4846,4964,4933,5081,4930,4999,4859,4892,4971,4967,5001,4889,4926,5025,4948,5023,4831,4931,4887,4906,4924,4944,5042,4988,4917,4907,5082,4845,5014,4983,4878,4985,5083,5085,4998,4981,4876,4862,4885,4934,5005,4857,4912,4867,4920,4886,4945,4976,5024,5041,4941,4918,5079,4875,5010,4956,4849,4943,5032,4838,4991,4850,4992,4986,4958,5066,4947,4927,4897,4966,5036,4978,4900,5047,4868,4842,4953,4915,4895,5027,4913,5045,5074,4936,4965],[4840,4942,4831,4931,4924,4950,4935,5042,4891,5006,5028,5040,5058,5022,4917,4907,5048,4932,5082,4845,4865,5039,4987,4983,5073,5030,4878,4898,4938,4984,5038,5037,4955,5012,5083,4904,5033,4880,4937,4871,4925,4851,5085,5009,4839,4869,4844,5046,4853,4833,4864,5056,4894,4979,4981,4876,5069,4861,4997,4977,5065,5064,5029,4883,5059,4862,4989,4858,5007,4909,5053,5068,4952,5019,4968,5062,4855,4919,4902,5034,4961,4923,4954,4863,4856,5052,5026,4835,5043,4896,4881,4890,5084,4980,5004,5017,4854,5013,4995,5016,4957,4900,4908,4922,4910,4837,4842,5027,4899,5077,5067,5076,4847,4841,4974,4946,4939,5072,4970,4916],[5044,4831,4950,4935,4891,5006,5028,4960,5054,5022,5014,5039,4987,4983,5073,5030,4898,4938,4984,5061,5038,4905,4955,5012,4904,4880,4937,4871,4851,4975,5009,4839,4869,4844,4998,4833,4864,5056,4894,5069,4861,4997,4882,4977,5064,4959,5029,5059,5049,5007,4909,5019,4968,5062,4855,4919,4902,5034,5000,4863,4874,4856,5052,5060,4888,4843,4870,5063,5020,4921,4873,4928,5002,4836,5018,4852,5051]]
theta = [[1.428564,0.004465,-0.058600,0.071425,0.071425,0.000000,0.027464,0.027464,0.010112,0.618884,-0.375076,0.025051,0.025051,0.095090,0.095090,0.075034,0.099819,0.060669,0.077742,0.077742,0.000000,0.000000,0.000000,0.079528,-0.012850,0.041715,-0.073720,-0.073720,0.008995,-0.008983,0.022406,0.022406,0.038801,0.038801],[0.922001,-0.000236,-0.129779,0.059824,0.059824,0.000000,0.190374,0.190374,0.081107,0.161030,0.161030,0.004173,0.004173,-0.045063,-0.045063,-0.013921,-0.028443,0.052004,0.038386,0.038386,0.000000,0.000000,0.000000,0.164653,0.017696,-0.021886,0.039116,0.039116,0.000017,0.023549,-0.052496,-0.052496,0.053492,0.053492],[1.073975,0.003326,0.452407,0.143425,0.143425,0.000000,-0.014011,-0.014011,0.161491,0.155875,0.155875,0.050037,0.050037,0.168456,0.168456,0.176914,0.175743,0.124111,-0.015098,-0.015098,0.000000,0.000000,0.000000,0.264753,0.029274,0.002596,0.013235,0.013235,0.002705,0.022385,-0.012690,-0.012690,0.094836,0.094836]]
alpha = [1.043418,1.059919,0.678165]
runtime = 1091.501099
