seed = 1
ll = -11482.103516
loss_zeroone = 0.229572
loss_symmetric = 0.262027
fscore = 0.653846
clusters = [[4830,4840,4996,4866,4962,4951,4982,5055,4872,5015,5008,4893,5021,5031,5035,5057,4949,4972,4834,4848,5003,4832,5080,4929,5078,4846,4964,4933,5081,4930,4999,4859,4971,4967,5001,4889,4926,5025,4948,5023,4931,4887,4988,5085,4876,4885,4934,5005,4857,4867,4920,4886,5024,5041,4941,4918,5079,4875,5010,4956,4943,5032,4991,4992,5066,4927,4978,5047,4953,4915]]
theta = [[0.749240,0.295090,0.007588,0.034422,0.034422,0.000000,0.166569,0.166569,-0.061101,-0.033506,-0.033506,-0.097182,-0.097182,0.003424,0.003424,0.020477,0.016781,0.146657,-0.403437,0.586010,0.000000,0.000000,0.000000,0.433598,-0.009135,0.103732,-0.061459,-0.061459,-0.021450,0.004484,-0.038381,-0.038381,0.034631,0.034631]]
alpha = [2.140751]
runtime = 78.370003
