seed = 0
ll = -5913.977051
loss_zeroone = 0.146750
loss_symmetric = 0.148324
fscore = 0.685649
clusters = [[27389,5740,27403,27481,5652,27396,27257,27318,27494,27358,27278,27414,27496,27331,27319,27251,27277,27345,27464,27490,27323,27394,27267,27325,27384,27307,27498,27327,27435,5521,27386,27420,27443,5730,27291,27363,27510,27381,27431,27382,27467,27508,27328,27314,27433,27290,5504,27320,27449,27373,27260,27354,27268,27326,5519,27280,27489,27292,27399],[27395,27333,27316,24652,27371,27487,27477,27241,27263,27355,27338,27249,27295,27335,27289,27258,27375,27400,27495,27387,27315,27304,27457,27287,27275,27242,27348,27281,27513,27497,27482,27245,27439,27393,27385,27309,27350,27434,27438,27503,27518,27392,27429,27468,27322,27317,27512,27450,27265,27346,27336,24520,27492,27374,27511,27440,27458,27269,27505,27432,27473,27404,27519,27332,27362,5179,27446,27407,27486,27344,27499],[27238,27395,27360,27302,27389,5740,5680,5639,27403,27485,5622,27481,5652,5500,27316,5662,27376,24652,5494,27343,27371,27240,27483,27396,27257,27318,27321,27247,27305,27413,22316,5694,27276,27390,27313,27441,27494,27358,27278,27414,27331,5649,27410,27345,27464,27323,27491,27384,27386,27420,27256,27443,5730,27422,27291,27363,27510,27381,5586,27290,5504,27401,27449,5696,27264,27424,27346,27409,27354,27268,27285,27455,27459,27501,27454,5587,27479,5667,27405]]
theta = [[1.171943,0.002454,-0.000817,0.000000,0.000000,0.034379,0.102487,0.045968,0.045968,0.048208,-0.005205,-0.005205,0.003297,0.003297,0.055063,0.006872,0.006872,0.000000,0.000000,-0.006098,-0.006098,0.838477,-0.053949,-0.013279,-0.013279,0.000000],[1.131723,0.002615,-0.002658,0.000000,0.000000,0.055590,0.096197,0.007880,0.007880,0.023961,-0.010711,-0.010711,0.008148,0.008148,0.065144,0.003722,0.003722,0.998971,0.000000,0.003911,0.003911,-0.060759,-0.017200,0.018232,0.018232,0.000000],[1.116605,-0.000827,0.011205,0.000000,0.998971,0.038478,0.084077,0.042494,0.042494,0.018363,-0.007924,-0.007924,-0.010762,-0.010762,0.039583,0.002350,0.002350,0.000000,0.000000,-0.006406,-0.006406,-0.056089,-0.014370,-0.013780,-0.013780,0.000000]]
alpha = [1.055750,1.156889,1.147215]
runtime = 2980.987793
