seed = 1
ll = -5415.383301
loss_zeroone = 0.251572
loss_symmetric = 0.158750
fscore = 0.568635
clusters = [[27360,27389,5740,5680,27403,27481,5652,5662,27240,27396,27257,27318,27247,27305,27413,22316,27313,27494,27358,27507,27278,27414,27496,27331,27319,27410,27277,27345,27464,27490,27323,27394,27491,27325,27384,27307,27498,27327,5521,27386,27420,27256,27443,5730,27291,27363,27510,27381,27431,5586,27382,27467,27328,27314,27433,27290,5504,27430,27320,27449,27373,27260,27308,27354,27268,27326,5519,27501,27280,27489,5587,27479,27292,27399,27405],[27238,27395,27360,27302,27389,5740,5680,5639,27403,27485,5622,27481,5652,5500,27316,27376,5494,27343,27371,27483,27257,27318,27321,27393,27259,22316,5694,27276,27390,27313,27441,27250,27398,27414,5649,27251,27410,27345,27490,27323,27267,27254,27384,27307,27435,27478,27447,27420,5730,27422,27406,5586,27290,27461,27337,5504,27401,5696,27283,27264,27424,27346,27409,27268,27266,5708,27272,27380,27285,27455,27459,27454,5587,27479,5654,5539,5667,27306,27515,27359,27517,27415,27504,27462,27474,27349,27402,27451,27445],[27389,5639,27403,27481,27239,27279,27333,27412,27255,27372,5819,27488,24652,27396,27257,27318,27487,27477,27241,27263,27355,27338,27249,27295,27335,27289,27258,27375,27400,27495,27387,27315,27304,27457,27287,27275,27242,27348,27281,27513,27357,27497,27482,27245,27385,27294,27309,27350,27434,5694,27494,27358,27518,27392,27278,27414,27496,27331,5649,27251,27277,27345,27464,27323,27351,27325,27384,27498,27327,27435,27386,5843,27273,27443,5730,27422,27291,27363,27510,27406,27381,27431,27382,27467,27508,27314,27433,27290,27322,27449,27373,5696,27317,27512,27346,24520,27492,27354,27378,27388,27452,27455,27284,27459,27516,5519,27280,27432,5434,27342,27456,27466,27311,5391,5479,5225,5744,5087,5303,5468,5179,27347,27446,27407,27365,27417],[27395,27302,5740,5680,27485,5622,5652,5500,27316,5662,24652,5494,27371,27483,27487,27241,27263,27355,27338,27249,27295,27335,27289,27258,27375,27400,27495,27387,27315,27304,27287,27348,27281,27513,27497,27245,27243,27439,27393,27246,27310,27309,27368,27434,27480,27448,22316,27436,27390,27438,27503,27518,27392,27429,27468,27469,27383,27428,27252,5521,5504,27312,27322,5696,27512,27484,27442,27334,27514,27271,27450,27265,27346,27336,24520,27492,27330,27421,27329,27374,27370,27511,27440,27397,27418,27458,27411,27444,27425,27340,27269,27270,27505,27282,27470,5667,27473,27404,27506,27324,27519,27332,27361,27493,27362,27377,27465,27446,27509,27475,27423,27379,27364,27486,27344,27499]]
theta = [[1.319433,-0.017875,0.019600,0.000000,0.000000,-0.045791,0.211758,0.803694,-0.188602,0.006098,0.006169,0.006169,0.032890,0.032890,0.080669,0.024799,0.024799,0.000000,0.000000,0.021704,0.021704,-0.042429,-0.024927,0.039465,0.039465,0.000000],[1.111778,0.016166,0.016163,0.000000,0.000000,0.438055,0.097218,0.146109,0.146109,-0.004011,-0.045522,-0.045522,-0.010889,-0.010889,0.051746,-0.003086,-0.003086,0.000000,0.000000,0.012628,0.012628,-0.060632,-0.059480,0.024217,0.024217,0.000000],[1.007744,-0.013814,0.000885,0.000000,0.000000,0.015888,0.089440,-0.037975,-0.037975,-0.015802,-0.065261,-0.065261,-0.007735,-0.007735,0.034615,0.010621,0.010621,0.000000,0.000000,0.022115,0.022115,-0.081410,0.551957,-0.016425,-0.016425,0.000000],[1.120082,-0.016493,-0.038138,0.000000,0.000000,-0.066747,0.110718,-0.031383,-0.031383,0.038193,0.052294,0.052294,0.024627,0.024627,0.039335,0.003562,0.003562,0.000000,0.000000,0.933710,-0.058585,0.149995,0.073239,0.032951,0.032951,0.000000]]
alpha = [1.272855,0.884068,0.891694,1.169978]
runtime = 1063.369995
