seed = 3
ll = -7251.875000
loss_zeroone = 0.050314
loss_symmetric = 0.026846
fscore = 0.714286
clusters = [[27389,27403,27481,5652,27396,27257,27318,27494,27358,27278,27414,27331,27345,27464,27323,27325,27384,5521,27386,27443,5730,27291,27363,27510,27381,27382,27467,27314,27433,27290,27449,27373,27354,27268,5519,27280]]
theta = [[1.718430,-0.000478,0.001962,0.000000,0.000000,0.064512,0.175835,0.583388,-0.413477,0.006272,-0.097035,-0.097035,0.030391,0.030391,0.066052,0.048746,0.048746,0.000000,0.000000,-0.029833,-0.029833,0.046256,-0.126469,-0.037447,-0.037447,0.000000]]
alpha = [1.843695]
runtime = 67.870003
