seed = 2
ll = -5443.888184
loss_zeroone = 0.233068
loss_symmetric = 0.177028
fscore = 0.674400
clusters = [[5657,5545,5741,5617,5553,5538,5695,5624,5514,5728,5605,5583,5698,5607,5497,5515,5516,5550,5528,5619,5669,5641,5663,5585,5529,5551,5582,5568,5721,5576,5627,5604,5645,5666,5664,5598,5520,5622,5723,5510,5518,5674,5507,5692,5590,5503,5616,5718,5678,5601,5686,5702,5615,5534,5637,5685,5643,5614,5610,5570,5573,5689,5640,5591,5608,5565,5613,5632,5631,5625,5579,5592,5722,5697,5656,5563,5621,5732,5523,5526,5554,5558,5734,5737,5684,5552],[5738,5717,5606,5574,5547,5514,5593,5628,5496,5665,5700,5513,5564,5506,5660,5704,5655,5634,5546,5508,5725,5560,5651,5584,5597,5577,5619,5719,5690,5128,5567,5709,5540,5675,5691,5572,5527,5509,5600,5635,5672,5688,5682,5618,5736,5661,5729,5595,5559,5650,5727,5731,5658,5580,5716,5679,5720,5629,5636],[5495,5566,5657,5730,5670,5642,5545,5541,5683,5741,5646,5606,5617,5553,5499,5586,5705,5502,5706,5695,5574,5624,5644,5626,5514,5543,5593,5628,5605,5496,5665,5740,5700,5513,5564,5506,5660,5704,5655,5634,5583,5546,5569,5508,5725,5560,5651,5584,5607,5497,5597,5577,5515,5516,5555,5550,5641,5585,5529,5551,5582,5568,5721,5576,5627,5604,5645,5666,5664,5598,5647,5639,5733,5694,5500,5212,5724,5673,5501,5699,5739,5622,5649,5594,5638,5714,5544,5589,5518,5507,5590,5503,5616,5718,5678,5517,5702,5615,5534,5637,5696,5511,5668,5675,5652,5504,5587,5680,5662,5614,5548,5688,5682,5618,5570,5689,5640,5578,5532,5613,5579,5722,5512,5599,5656,5563,5621,5523,5734,5737,5633,5533,5708,5596,5588,5726],[5495,5566,5657,5730,5670,5642,5738,5545,5541,5683,5741,5646,5553,5499,5538,5586,5705,5706,5547,5624,5644,5626,5728,5543,5740,5569,5508,5671,5651,5555,5529,5645,5664,5719,5690,5598,5647,5654,5639,5733,5520,5694,5500,5567,5212,5709,5673,5501,5699,5557,5739,5622,5723,5707,5649,5510,5589,5692,5601,5517,5686,5696,5511,5668,5505,5685,5643,5540,5652,5504,5521,5587,5680,5662,5614,5519,5691,5572,5527,5509,5600,5635,5672,5548,5573,5681,5581,5591,5542,5532,5735,5661,5595,5559,5650,5727,5731,5658,5608,5565,5631,5599,5697,5716,5732,5524,5609,5558,5620,5676,5596,5588,5571,5556,5715,5549,5636,5575,5667]]
theta = [[1.269419,0.005619,-0.011521,0.000000,0.172507,0.172507,0.016614,0.016614,0.016614,0.016614,0.034412,0.034412,0.090708,-0.169908,-0.169908,0.000000,0.000000,-0.052373,0.000000,0.001917,0.000000,0.058343,0.000000,-0.005156,-0.005156,0.000000,0.005350,0.005350,0.995180,0.000000,0.000000,-0.032810,0.000000,0.000000],[1.303176,0.005867,0.079043,0.000000,-0.002431,-0.002431,-0.016790,-0.016790,-0.016790,-0.016790,0.005093,1.005077,0.006601,0.192808,0.192808,0.000000,0.000000,0.079589,0.000000,0.002069,0.000000,0.113863,0.000000,-0.005430,-0.005430,0.000000,0.002032,0.002032,0.000000,0.000000,0.000000,0.078527,0.000000,0.000000],[0.976345,-0.000113,-0.016279,0.000000,0.050967,0.050967,0.115964,0.115964,0.115964,0.115964,0.086991,0.086991,-0.103965,-0.042278,-0.042278,0.000000,0.000000,-0.054011,0.000000,0.000652,0.000000,0.017878,0.000000,-0.015230,-0.015230,0.000000,0.000400,0.000400,0.000000,0.000000,0.000000,0.003658,0.000000,0.995180],[0.955575,0.004198,0.162944,0.000000,0.012077,0.012077,0.026874,0.026874,0.026874,0.026874,-0.000002,-0.000002,0.047584,-0.163042,0.827323,0.000000,0.000000,0.068089,0.000000,0.001014,0.000000,0.046243,0.000000,-0.003559,-0.003559,0.000000,0.010045,0.010045,0.000000,0.000000,0.000000,-0.031969,0.000000,0.000000]]
alpha = [1.147802,1.170196,1.013535,0.824370]
runtime = 324.859985
