seed = 2
ll = -7706.141113
loss_zeroone = 0.183267
loss_symmetric = 0.283370
fscore = 0.606557
clusters = [[5657,5545,5741,5617,5553,5538,5695,5624,5514,5583,5607,5497,5515,5516,5550,5529,5551,5568,5576,5627,5604,5645,5666,5664,5598,5622,5518,5507,5590,5616,5718,5615,5534,5637,5570,5573,5689,5640,5613,5722,5621]]
theta = [[1.481232,0.052054,0.154809,0.000000,0.005269,0.005269,-0.007644,-0.007644,-0.007644,-0.007644,-0.035133,-0.035133,0.038350,-0.009299,-0.009299,0.000000,0.000000,0.018703,0.000000,0.023600,0.000000,0.117957,0.000000,0.018127,0.018127,0.000000,0.005488,0.005488,0.998763,0.000000,0.000000,-0.009027,0.000000,0.000000]]
alpha = [1.662774]
runtime = 49.020000
