seed = 0
ll = -6043.767090
loss_zeroone = 0.173971
loss_symmetric = 0.142426
fscore = 0.713755
clusters = [[5495,5657,5545,5741,5617,5553,5538,5695,5624,5644,5514,5728,5543,5605,5740,5583,5698,5607,5497,5515,5516,5550,5528,5641,5663,5585,5529,5551,5582,5568,5721,5576,5627,5604,5645,5666,5664,5598,5733,5520,5622,5723,5518,5674,5507,5692,5590,5503,5616,5718,5678,5601,5686,5702,5615,5534,5637,5685,5643,5614,5610,5570,5573,5689,5640,5591,5608,5565,5613,5632,5631,5625,5579,5722,5697,5656,5563,5621,5732,5554,5558,5734,5737,5684],[5566,5657,5730,5670,5642,5738,5545,5541,5683,5741,5646,5553,5499,5586,5705,5502,5706,5547,5624,5644,5626,5514,5543,5740,5569,5508,5651,5607,5516,5555,5550,5529,5551,5568,5627,5645,5664,5719,5690,5598,5647,5654,5639,5733,5694,5500,5567,5212,5709,5673,5501,5699,5739,5622,5649,5510,5638,5714,5589,5590,5616,5718,5517,5615,5534,5637,5696,5511,5668,5540,5652,5504,5521,5587,5680,5662,5614,5519,5691,5572,5635,5672,5548,5689,5640,5681,5581,5532,5735,5661,5650,5727,5592,5722,5599,5563,5621,5523,5524,5620,5596,5588,5571,5726,5575],[5495,5738,5717,5606,5586,5574,5547,5593,5628,5496,5665,5700,5513,5564,5506,5660,5704,5655,5634,5546,5508,5725,5560,5651,5584,5597,5577,5619,5719,5690,5567,5540,5675,5691,5572,5527,5509,5600,5635,5672,5688,5682,5618,5736,5661,5729,5595,5559,5650,5727,5731,5658,5580,5716,5679,5636]]
theta = [[1.224114,0.013941,0.026901,0.000000,0.118396,0.118396,-0.004975,-0.004975,-0.004975,-0.004975,-0.020079,-0.020079,0.035846,-0.015398,-0.015398,0.000000,0.000000,-0.013422,0.997701,0.006141,0.000000,0.050064,0.000000,-0.000983,-0.000983,0.000000,-0.001225,-0.001225,0.000000,0.000000,0.000000,-0.027829,0.000000,0.000000],[0.898646,0.012433,0.054341,0.000000,0.032303,0.032303,-0.003929,-0.003929,-0.003929,-0.003929,-0.024599,-0.024599,-0.050253,-0.029492,-0.029492,0.000000,0.000000,-0.032653,0.000000,0.005774,0.000000,0.002360,0.000000,-0.003088,-0.003088,0.000000,0.007673,0.007673,0.000000,0.000000,0.000000,-0.000137,0.997701,0.000000],[1.243449,0.013694,0.095657,0.000000,-0.059751,-0.059751,0.043296,0.043296,0.043296,0.043296,0.083276,0.083276,0.046349,0.107604,0.107604,0.000000,0.997701,0.087021,0.000000,-0.005791,0.000000,0.120346,0.000000,-0.000961,-0.000961,0.000000,-0.001262,-0.001262,0.000000,0.000000,0.000000,0.027404,0.000000,0.000000]]
alpha = [1.172033,0.990345,1.185007]
runtime = 1155.965088
