seed = 2
ll = -6483.212891
loss_zeroone = 0.073705
loss_symmetric = 0.095318
fscore = 0.869710
clusters = [[5495,5657,5545,5741,5617,5553,5538,5695,5624,5644,5514,5728,5543,5605,5740,5583,5607,5497,5515,5516,5550,5641,5585,5529,5551,5582,5568,5721,5576,5627,5604,5645,5666,5664,5598,5733,5520,5622,5723,5510,5518,5674,5507,5692,5590,5503,5616,5718,5678,5601,5686,5702,5615,5534,5637,5685,5643,5614,5610,5570,5573,5689,5640,5608,5565,5613,5579,5592,5722,5697,5656,5563,5621,5732,5558,5734,5737],[5738,5717,5606,5574,5547,5628,5496,5665,5700,5513,5564,5506,5660,5704,5655,5634,5546,5508,5725,5560,5651,5584,5597,5577,5619,5719,5690,5567,5540,5675,5691,5572,5527,5509,5600,5635,5672,5688,5682,5618,5661,5595,5559,5650,5727,5731,5658,5716,5636]]
theta = [[1.155916,0.024027,0.078572,0.000000,0.108606,0.108606,0.056207,0.056207,0.056207,0.056207,0.035954,0.035954,-0.005772,0.034164,0.034164,0.000000,0.000000,-0.027919,0.000000,0.006841,0.000000,0.037797,0.000000,0.002557,0.002557,0.000000,-0.007768,-0.007768,0.998462,0.000000,0.000000,-0.012343,0.000000,0.000000],[1.258242,0.024266,0.071165,0.000000,-0.102049,-0.102049,-0.054301,-0.054301,-0.054301,-0.054301,-0.057351,0.940093,0.038136,0.022383,0.022383,0.000000,0.000000,0.059413,0.000000,0.006906,0.000000,0.106827,0.000000,0.002567,0.002567,0.000000,-0.007920,-0.007920,0.000000,0.000000,0.000000,-0.010286,0.000000,0.000000]]
alpha = [1.293082,1.329275]
runtime = 127.019997
