seed = 4
ll = -43067.203125
loss_zeroone = 0.361582
loss_symmetric = 0.469626
fscore = 0.197929
clusters = [[6396,5883,6134,6252,6187,6228,5895,6349,6156,6059,6148,5993,6150,5942,5963,6234,6177,6374,6253,5915,6185,6212,6334,6386,6409,6295,5967,6216,6288,6333,5911,6147,6115,6371,6242,6195,6189,6142,6283,5960,6387,6011,5941,6198,6344,5884,6268,5905,6033,6278,5976,6237,5988,5906,6325,5957,6136,5927,6111,6329,6370,6157,6041,6149,6067,6410,6184,6046,6287,6332,6205,6042,6247,6203,6145,6039,6183,6301,6326,5996,5903,5888,6017,6064,6078,5965,5935,6311,6061,5984,5980,6313,6166,6400,5885,6348,6361,6323,6294,6394,5954,6073,6049,5938,6222,6190,6005,6169,6119,5958,5910,6028,5891,6179,6248,6282,6118,5987,6173,6125,6196,5955,6087,6340,6318,6104,6202,6154,6085,6036,5936,6137,6406,6079,6402,6339,6286,6091,6305,6319,6314,6270,6304,6249,5995,6356,6097,6018,6044,6246,5962,5929,6235,6146,6002,6151,6181,6155,6220,6256,6377,5913,6210,6290,6014,6405,6075,6188,6331,6297,6010,6299,6160,5952,6211,6007,6328,6375,6025,5909,6345,6342,6109,5945,6122,6285,5886,6245,5916,6300,6048,5992,6170,6086,6274,6411,5939,5917,6208,6132,6084,6379,6131,6389,6260,5989,6232,6144,6336,6207,6004,6192,6244,6068,6380,6266,6217,5968,6071,6139,6168,6095,6226,6124,5997,5901,5940,5889,5946,6392,6172,6251,6264,5892,6279,5944,6050,6069],[6396,6134,6252,6187,6228,5895,6349,6059,6150,5942,5963,6234,6177,6253,5915,6334,6295,5967,6216,6288,6333,5911,6147,6242,6195,6258,6283,5960,6387,6011,6198,6344,5884,6268,5905,5976,5906,6041,6149,6184,6042,6039,5996,5888,5965,6311,6061,5984,6313,6400,5885,6348,6292,6294,6098,5938,6005,6169,6119,5910,6179,5955,6340,6318,6104,5936,6339,6305,5953,6314,6270,6045,6230,6363,6304,5995,6044,6327,5962,5929,5956,6146,6002,6151,6155,6377,6296,5913,6210,6233,6303,6014,6343,6075,6331,6051,6297,6010,6163,5919,5952,6121,6335,6006,6211,6174,6328,6126,6076,6083,6375,6025,6345,5902,6107,6342,6122,6194,5886,6023,6399,6300,6219,5992,6376,5983,6086,6117,6404,5990,5939,5917,6208,6243,6197,6053,6207,6081,6192,6244,6068,6380,6308,6217,5968,6095,6271,6226,5932,5920,5901,6309,6384,6082,6162,6021,6403,6158,6360,6293,5961,6324,5947,6279,6312,5899,6031,6407,6101,6106,6289,6346,6267,6112,6171,6273,6223]]
theta = [[0.743911,0.153056,0.000000,0.070977,0.070977,0.000000,0.081872,0.081872,0.111849,-0.051435,-0.008874,0.074836,0.074836,0.007644,0.007644,-0.043940,-0.043940,0.145316,0.145316,-0.043552,-0.043552,-0.025949,-0.025949,0.019266,0.019266,-0.023719,-0.023719,-0.023719,-0.023719,0.014444,0.014444,-0.023719,-0.023719,-0.023719,-0.023719,0.014444,0.014444,-0.032455,-0.032455,-0.307500,0.690716,0.014444,0.014444,-0.023719,-0.023719,0.014444,0.014444,-0.023719,-0.023719,-0.018080,-0.018080,-0.018080,-0.018080,-0.023719,-0.023719,-0.090973,-0.090973,0.041488,0.041488,0.205416,-0.066363,-0.066363,0.000000,0.000000,0.000000,0.000000,0.000000,0.000000,0.000000,0.000000,0.000000,0.000000,0.000000,0.000000,0.253223,0.328719,0.000000,0.000000,0.000000,0.073967,-0.058669,0.005578,0.005578],[0.488154,0.149094,0.000000,0.074771,0.074771,0.000000,0.077397,0.077397,0.259397,-0.076906,0.017466,0.072179,0.072179,0.028423,0.028423,-0.011178,-0.011178,0.105362,0.105362,0.056925,0.056925,0.022650,0.022650,-0.042072,-0.042072,-0.031645,-0.031645,-0.031645,-0.031645,-0.054072,-0.054072,-0.031645,-0.031645,-0.031645,-0.031645,0.944144,-0.054072,-0.015771,-0.015771,0.087549,0.087549,-0.054072,-0.054072,-0.031645,-0.031645,-0.054072,-0.054072,-0.031645,-0.031645,-0.034499,-0.034499,-0.034499,-0.034499,-0.031645,-0.031645,-0.050657,-0.050657,-0.084009,-0.084009,0.196763,-0.014620,-0.014620,0.000000,0.000000,0.000000,0.000000,0.000000,0.000000,0.000000,0.000000,0.000000,0.000000,0.000000,0.000000,0.112433,0.185980,0.000000,0.000000,0.000000,0.258947,0.004479,-0.109700,-0.109700]]
alpha = [1.390247,1.389264]
runtime = 1448.419922
