seed = 0
ll = -3505.241211
loss_zeroone = 0.305882
loss_symmetric = 0.267103
fscore = 0.475626
clusters = [[612,846,730,739,635,823,755,723,657,628,749,807,763,643,773,652,788,827,705,785,759,718,833,801,627,648,734,747,645,821,795,713,614,631,741,772,836,765,839,824,673,696,638,647,706,740,639,619,674,742,725,672,695,644,717,615,693,756,680,768,799,629,767,729,818,736,844,708,808,815,698,843,667,666,688,746,731,677,668,752,690,660,754,716,684,813,781,726,634,791,841,682],[846,730,739,635,823,755,723,657,628,643,773,652,827,785,759,718,833,801,627,648,747,645,821,795,713,614,772,765,839,824,696,613,812,647,661,845,720,834,758,703,782,838,819,802,724,770,814,745,633,810,623,737,811,714,712,760,669,743,706,800,776,674,644,717,664,680,768,646,799,701,848,767,729,818,736,844,708,792,843,688,790,653,789,677,668,704,637,735,826,777,658,797,659,753,841,649,820,828,805,796,842,809,699,783,794],[612,846,730,739,635,823,755,723,657,628,749,807,763,643,773,788,827,785,759,718,833,648,747,821,795,713,631,741,772,836,765,839,824,673,696,817,638,647,740,639,619,674,742,707,725,672,695,775,617,693,676,680,778,732,621,629,767,729,818,844,792,744,632,702,685,677,752,690,670,704,683,684,813,675,797,820,779,689,665,721,663,694,687,794],[612,846,739,635,823,657,628,763,773,652,788,827,705,759,833,801,734,645,795,713,741,772,836,765,824,817,613,812,661,845,720,834,758,703,782,838,819,802,724,770,814,745,633,623,737,811,714,669,743,706,639,800,776,725,710,693,616,680,622,803,733,764,620,835,641,709,771,655,697,722,769,625,848,708,792,698,667,688,746,702,653,677,630,716,683,642,675,726,634,777,658,662,797,779,650,762,787,678,721,757,837,715,719,761,840,711,728,774,849,830,804,750,816],[730,723,788,705,627,734,631,741,673,696,817,613,812,638,661,845,720,834,758,703,782,838,819,802,724,770,814,745,633,810,623,737,811,714,712,760,669,743,639,800,776,742,707,644,775,710,617,756,738,686,654,748,618,778,732,803,621,733,620,835,769,691,701,848,815,698,843,667,666,731,632,702,685,790,660,754,683,684,675,637,791,735,826,659,753,766,656,787,831,679,671,796,757,837,715,711,728,816]]
theta = [[1.481330,0.008216,0.201909,-0.007330,-0.007330,0.000000,0.000000,0.000000,0.080910,0.000000,0.995766,0.000000,0.096680,0.000113,0.000113,0.139296,0.052575,0.052575,0.000000,0.015225,0.000000,-0.019220,0.000000,0.030855,-0.030230,0.000000,0.086763,0.068919,0.000000,0.000000,0.000000,0.065982,0.065982],[0.966667,0.005946,0.025296,0.944694,-0.046849,0.000000,0.000000,0.000000,0.027492,0.000000,0.000000,0.000000,0.038632,0.000036,0.000036,0.007538,0.077676,0.077676,0.000000,0.011536,0.000000,0.046374,0.000000,0.061643,0.049111,0.000000,0.051158,0.024079,0.000000,0.000000,0.000000,0.100681,0.100681],[1.021746,0.006110,0.134584,-0.013902,-0.013902,0.000000,0.000000,0.000000,0.037993,0.000000,0.995766,0.000000,0.117082,0.000695,0.000695,0.064339,0.022292,0.022292,0.000000,-0.004310,0.000000,-0.016452,0.000000,0.024619,-0.025119,0.000000,-0.005239,0.002167,0.000000,0.000000,0.000000,-0.000589,-0.000589],[0.874758,-0.013905,0.040050,0.018769,0.018769,0.000000,0.000000,0.000000,0.017744,0.000000,0.000000,0.000000,0.053663,0.000024,0.000024,0.002121,0.079359,0.079359,0.000000,0.010961,0.000000,0.026526,0.000000,0.008923,-0.002363,0.000000,0.019866,0.006975,0.995766,0.000000,0.000000,0.064195,0.064195],[1.057255,0.005469,0.242590,0.022795,0.022795,0.000000,0.000000,0.000000,0.046646,0.000000,0.000000,0.000000,0.047227,-0.000219,-0.000219,-0.014048,0.075924,0.075924,0.000000,0.002274,0.000000,0.053826,0.995766,0.070653,0.065618,0.000000,0.037522,0.013580,0.000000,0.000000,0.000000,0.089090,0.089090]]
alpha = [1.309590,0.969092,1.024906,0.937984,1.073344]
runtime = 210.270004
