seed = 4
ll = -5494.275391
loss_zeroone = 0.180672
loss_symmetric = 0.221925
fscore = 0.697674
clusters = [[612,846,730,739,635,823,755,723,657,628,749,807,763,643,773,652,788,827,785,759,718,833,801,648,747,645,821,795,713,614,631,741,772,836,765,839,824,673,696,638,647,706,639,674,742,725,695,644,717,693,680,799,629,767,729,818,844,708,792,843,688,677,752,684]]
theta = [[1.223812,0.186507,0.054019,0.186695,0.186695,0.000000,0.000000,0.000000,0.041381,0.000000,0.000000,0.000000,0.026297,0.009767,0.009767,-0.058616,-0.378546,0.611303,0.000000,0.132584,0.000000,-0.250666,0.000000,-0.173310,-0.199824,0.000000,0.042741,-0.128817,0.000000,0.000000,0.000000,0.106091,0.106091]]
alpha = [2.403721]
runtime = 32.619999
