seed = 4
ll = -4165.683594
loss_zeroone = 0.161064
loss_symmetric = 0.178252
fscore = 0.694913
clusters = [[612,846,730,739,635,823,755,723,657,628,749,807,763,643,773,652,788,827,705,785,759,718,833,801,648,734,747,645,821,795,713,614,631,741,772,836,765,839,824,696,647,706,740,639,619,674,742,707,725,672,695,644,717,693,756,680,799,629,767,729,818,736,844,708,815,843,667,688,746,731,632,702,685,677,668,754,704,684,813,675,791,797,841,682],[612,846,730,739,635,823,755,723,657,628,749,807,763,643,773,652,788,827,785,759,718,833,801,627,648,747,645,821,795,713,614,741,772,836,765,839,824,673,696,817,638,647,706,639,674,742,725,695,644,717,617,693,680,778,732,768,799,629,767,729,818,844,708,792,808,698,666,688,677,752,690,716,683,781,726,634,826,659,820,721,796],[846,788,705,759,627,734,631,741,765,673,696,613,812,638,661,845,720,834,758,703,782,838,819,802,724,770,814,745,633,810,623,737,811,714,712,760,669,743,639,800,776,742,775,701,848,698,843,667,666,731,790,752,660,684,791]]
theta = [[1.198558,-0.007225,0.095262,0.029140,0.029140,0.000000,0.000000,0.000000,0.020713,0.000000,0.000000,0.000000,0.072998,0.000047,0.000047,0.081011,-0.093917,0.901157,0.000000,0.014433,0.000000,-0.066605,0.000000,-0.036279,-0.042666,0.000000,0.031104,0.000789,0.000000,0.000000,0.000000,0.000517,0.000517],[1.116406,-0.007426,0.076087,0.020725,0.020725,0.000000,0.000000,0.000000,0.071107,0.000000,0.000000,0.000000,0.046916,-0.000002,-0.000002,0.058026,-0.112941,-0.112941,0.997530,0.001701,0.000000,-0.067015,0.000000,-0.035819,-0.042361,0.000000,-0.064909,-0.084513,0.000000,0.000000,0.000000,-0.013479,-0.013479],[1.252438,-0.008203,0.189968,0.033680,0.033680,0.000000,0.997530,0.000000,0.048010,0.000000,0.000000,0.000000,0.083675,0.000158,0.000158,-0.015581,0.123533,0.123533,0.000000,0.015310,0.000000,0.058777,0.000000,0.073541,0.040515,0.000000,0.083871,0.059802,0.000000,0.000000,0.000000,0.134689,0.134689]]
alpha = [1.078868,1.122412,1.206230]
runtime = 558.886414
