seed = 2
ll = -4410.772461
loss_zeroone = 0.090336
loss_symmetric = 0.142036
fscore = 0.822938
clusters = [[612,846,730,739,635,823,755,723,657,628,749,807,763,643,773,652,788,827,705,785,759,718,833,801,627,648,734,747,645,821,795,713,614,631,741,772,836,765,839,824,673,696,817,638,647,706,740,639,619,674,742,725,672,695,644,717,693,680,799,629,767,729,818,844,708,792,815,698,843,667,666,688,746,731,677,668,752,690,754,716,683,684,813,675,726,791,797,841],[613,812,661,845,720,834,758,703,782,838,819,802,724,770,814,745,633,810,623,737,811,714,712,760,669,743,800,776,701,848,790]]
theta = [[1.509307,0.015085,0.128805,0.013505,0.013505,0.000000,0.000000,0.000000,0.043804,0.000000,0.000000,0.000000,0.122282,0.003061,0.003061,0.616094,-0.009007,-0.009007,0.000000,0.027382,0.000000,-0.036765,0.000000,0.021849,-0.016563,0.000000,0.140521,0.075582,0.000000,0.000000,0.000000,0.042683,0.042683],[1.470533,0.014176,0.344072,0.103381,0.103381,0.000000,0.000000,0.000000,0.077343,0.000000,0.000000,0.000000,0.166758,0.002920,0.002920,0.012721,0.113659,0.113659,0.000000,0.027401,0.000000,0.048547,0.000000,0.110377,0.030284,0.000000,-0.178115,0.742657,0.000000,0.000000,0.000000,0.218348,0.218348]]
alpha = [1.150409,1.206306]
runtime = 71.570000
