seed = 1
ll = -3705.581299
loss_zeroone = 0.264706
loss_symmetric = 0.254442
fscore = 0.532762
clusters = [[612,846,730,739,635,823,755,723,657,628,749,807,763,643,773,652,788,827,705,785,759,718,833,801,627,648,734,747,645,821,795,713,614,631,741,772,836,765,839,824,673,696,638,647,706,740,639,619,674,742,725,672,695,644,717,693,680,799,629,767,729,818,736,844,708,698,843,667,688,746,731,677,668,752,690,704,683,684,813,791,841],[730,739,635,823,755,723,657,628,749,643,773,652,827,785,759,718,833,801,648,645,821,795,713,772,836,839,824,696,613,812,661,845,720,834,758,703,782,838,819,802,724,770,814,745,633,810,623,737,811,714,712,760,669,743,639,800,776,674,695,644,717,710,680,768,803,733,620,835,769,799,691,701,848,629,767,729,818,708,792,808,790,653,789,677,716,675,781,726,634,637,735,826,777,658,797,659,753,787,831,671,796,757,837,715,711,728,842,809,849,794,816],[846,763,788,705,627,734,631,741,765,673,696,817,613,812,638,661,845,720,834,758,703,782,838,819,802,724,770,814,745,633,810,623,737,811,714,712,760,669,743,639,800,776,742,707,775,615,756,676,701,848,815,698,843,667,666,731,632,702,685,660,754,684,791,721],[612,846,730,739,635,823,755,723,657,628,807,763,773,652,788,827,785,759,718,833,648,747,821,795,713,614,631,741,772,836,765,824,696,817,638,647,706,639,674,742,707,725,775,617,693,756,738,680,686,654,748,778,732,768,621,767,729,844,792,808,815,843,666,688,744,632,702,685,677,668,752,660,754,716,675,781,726,634,797,766,656,820,682,679,721]]
theta = [[1.471885,-0.000006,0.224349,0.007453,0.007453,0.000000,0.000000,0.000000,0.066144,0.000000,0.000000,0.000000,0.124867,-0.003747,-0.003747,0.165049,0.044747,0.044747,0.000000,0.000521,0.000000,-0.010592,0.000000,0.038464,-0.009484,0.000000,0.048752,0.015997,0.000000,0.000000,0.000000,-0.166110,0.825434],[0.996025,-0.000736,0.002506,-0.002250,-0.002250,0.000000,0.000000,0.000000,0.042428,0.000000,0.000000,0.000000,0.034680,-0.002827,0.988716,0.004205,0.042659,0.042659,0.000000,0.000125,0.000000,0.046311,0.000000,0.071798,0.042160,0.000000,0.024167,0.008651,0.000000,0.000000,0.000000,0.152154,0.152154],[1.084709,-0.000002,0.264474,0.050919,0.050919,0.000000,0.000000,0.000000,0.014357,0.000000,0.000000,0.000000,0.056115,-0.003309,-0.003309,-0.088271,0.976216,-0.017022,0.000000,0.000327,0.000000,0.016848,0.000000,0.036166,0.004929,0.000000,0.090157,0.066990,0.000000,0.000000,0.000000,0.058771,0.058771],[0.968408,0.000009,-0.022441,0.001704,0.001704,0.000000,0.000000,0.000000,0.067162,0.000000,0.000000,0.000000,-0.029080,0.002995,0.002995,0.010717,0.012754,0.012754,0.000000,0.000028,0.000000,-0.004972,0.000000,0.034200,-0.009131,0.995766,0.023615,0.011288,0.000000,0.000000,0.000000,-0.143713,-0.143713]]
alpha = [1.156022,0.973595,1.073871,0.987212]
runtime = 208.800003
