seed = 1
ll = -10934.597656
loss_zeroone = 0.153846
loss_symmetric = 0.171498
fscore = 0.547170
clusters = [[6414,6533,6618,6452,6665,6489,6607,6593,6417,6570,6510,6461,6596,6646,6577,6528,6558,6584,6694,6664,6535,6595,6531,6710,6498,6552,6609,6430,6551,6721,6672,6590,6674,6725,6437,6463,6500,6677,6455,6643,6639,6478,6462,6561,6469,6419,6423,6575,6691,6449,6505,6586,6569,6433,6499,6641,6495,6706,6634,6636,6538,6516,6624,6614,6606,6688,6723,6465,6476,6652]]
theta = [[1.432845,0.000000,-0.042628,0.999047,0.210499,0.273051,-0.076152,-0.076152,-0.032845,0.160936,0.040358,0.000000,-0.013992,0.030012,0.030012]]
alpha = [1.797745]
runtime = 72.059998
