seed = 4
ll = -7359.549805
loss_zeroone = 0.351496
loss_symmetric = 0.340895
fscore = 0.345837
clusters = [[6414,6533,6618,6452,6665,6489,6607,6456,6593,6417,6570,6510,6461,6596,6646,6577,6528,6558,6584,6694,6664,6535,6595,6531,6710,6498,6552,6609,6430,6551,6721,6672,6590,6674,6725,6576,6671,6437,6415,6463,6496,6502,6585,6637,6500,6677,6574,6490,6432,6455,6638,6643,6426,6707,6623,6424,6651,6427,6559,6639,6478,6682,6718,6598,6630,6462,6561,6469,6419,6423,6575,6691,6449,6505,6715,6586,6708,6569,6433,6622,6562,6499,6641,6655,6495,6706,6634,6636,6532,6603,6605,6520,6540,6661,6557,6538,6436,6516,6624,6614,6716,6606,6649,6556,6712,6477,6616,6688,6504,6599,6580,6723,6465,6612,6684,6476,6652,6467,6515,6530,6482],[6414,6533,6618,6452,6665,6628,6489,6607,6466,6593,6417,6570,6510,6596,6646,6528,6558,6584,6694,6664,6535,6595,6567,6531,6470,6710,6498,6609,6430,6551,6721,6672,6590,6725,6437,6415,6463,6537,6573,6445,6632,6653,6444,6431,6549,6591,6686,6683,6460,6631,6642,6621,6536,6619,6420,6450,6560,6553,6644,6722,6685,6585,6525,6714,6543,6512,6713,6637,6600,6500,6468,6677,6484,6680,6455,6643,6522,6441,6457,6545,6613,6657,6486,6719,6639,6478,6554,6443,6546,6462,6561,6469,6419,6575,6691,6449,6505,6586,6569,6704,6447,6641,6655,6495,6706,6634,6636,6603,6635,6425,6506,6724,6538,6436,6517,6614,6716,6688,6723,6465,6684,6476,6652,6579,6480,6513,6687,6541,6508,6627,6471],[6665,6628,6489,6607,6466,6456,6720,6593,6721,6415,6611,6523,6537,6421,6445,6632,6653,6444,6431,6549,6676,6591,6686,6683,6460,6642,6483,6621,6536,6625,6619,6496,6681,6420,6702,6647,6450,6644,6722,6502,6685,6585,6714,6543,6512,6500,6468,6574,6484,6656,6680,6432,6638,6426,6707,6503,6522,6623,6424,6441,6651,6457,6613,6427,6657,6559,6486,6719,6554,6598,6630,6446,6633,6669,6429,6667,6696,6439,6666,6610,6527,6660,6422,6519,6534,6689,6620,6645,6699,6544,6617,6668,6563,6488,6493,6458,6472,6473,6485,6521,6487,6494,6520,6506,6724,6435,6588,6492,6678,6555,6475,6626,6438,6459,6579,6650,6480,6501,6670,6601,6673,6640,6679,6583,6514,6662,6474,6695,6602,6663],[6533,6618,6452,6665,6489,6607,6417,6570,6461,6596,6646,6577,6528,6558,6584,6694,6664,6535,6595,6567,6531,6470,6710,6498,6552,6609,6721,6674,6725,6576,6437,6611,6483,6625,6647,6518,6525,6500,6656,6643,6503,6657,6478,6682,6443,6462,6561,6423,6575,6691,6449,6715,6586,6569,6433,6704,6499,6447,6532,6605,6446,6633,6669,6429,6667,6696,6439,6666,6527,6660,6422,6519,6534,6689,6620,6645,6699,6544,6617,6668,6563,6629,6488,6493,6458,6472,6473,6485,6521,6487,6494,6538,6548,6516,6435,6588,6517,6624,6492,6606,6565,6582,6678,6555,6428,6581,6448,6539,6475,6626,6438,6616,6459,6688,6580,6650,6440,6501,6442,6673,6547,6640,6679,6583,6491,6662,6497,6604,6594,6659,6717,6705,6542,6507,6615,6513,6703,6675,6687,6541,6454,6627,6474,6695,6589,6602,6692,6648,6578]]
theta = [[1.451649,0.997960,0.040912,0.000000,0.093752,0.001526,-0.065587,-0.065587,0.141786,0.085779,0.024612,0.000000,0.015803,0.004035,0.004035],[1.100360,0.000000,-0.002974,0.000000,0.143127,0.007988,-0.067089,-0.067089,0.016651,0.046771,0.048970,0.000000,0.979512,0.003436,0.003436],[1.074349,0.000000,0.077339,0.000000,0.117554,0.983182,0.021634,0.021634,0.142196,0.361449,0.053810,0.000000,-0.017222,0.003630,0.003630],[1.032657,0.000000,0.043550,0.000000,0.139073,0.013946,0.902108,-0.093814,-0.074788,0.039645,0.069190,0.000000,0.014425,0.003001,0.003001]]
alpha = [1.300297,1.069511,1.124181,0.969569]
runtime = 692.200012
