seed = 2
ll = -9473.902344
loss_zeroone = 0.213141
loss_symmetric = 0.247734
fscore = 0.484140
clusters = [[6414,6533,6618,6452,6665,6489,6607,6593,6417,6570,6510,6461,6596,6646,6577,6528,6558,6584,6694,6664,6535,6595,6567,6531,6710,6498,6552,6609,6430,6551,6721,6672,6590,6674,6725,6576,6671,6437,6463,6500,6677,6455,6643,6639,6478,6443,6462,6561,6469,6419,6423,6575,6691,6449,6505,6715,6586,6569,6433,6499,6641,6655,6495,6706,6634,6636,6532,6603,6605,6538,6436,6516,6624,6614,6716,6606,6616,6688,6580,6723,6465,6612,6684,6476,6652],[6665,6628,6489,6607,6466,6720,6593,6417,6596,6694,6535,6721,6725,6415,6537,6632,6653,6444,6431,6549,6591,6686,6683,6460,6642,6483,6621,6536,6619,6496,6420,6450,6644,6722,6502,6685,6585,6525,6714,6512,6637,6500,6468,6677,6574,6490,6680,6432,6455,6638,6643,6426,6707,6522,6623,6424,6441,6651,6457,6427,6657,6559,6486,6719,6639,6478,6682,6554,6598,6630,6462,6449,6708,6520,6506,6517,6480]]
theta = [[1.402003,0.000000,-0.119431,0.000000,0.038553,0.162564,-0.088607,-0.088607,0.067300,0.088902,0.052466,0.000000,0.963593,0.015580,0.015580],[1.109226,0.000000,-0.126142,0.000000,0.151676,0.145326,-0.093904,-0.093904,0.086597,0.186149,0.024888,0.998872,0.042429,0.014450,0.014450]]
alpha = [1.349281,1.195137]
runtime = 290.579987
