seed = 1
ll = -8197.476562
loss_zeroone = 0.297009
loss_symmetric = 0.296219
fscore = 0.406598
clusters = [[6414,6533,6618,6452,6665,6489,6607,6593,6417,6570,6510,6461,6596,6646,6577,6528,6558,6584,6694,6664,6535,6595,6567,6531,6470,6710,6498,6552,6609,6430,6551,6721,6672,6590,6674,6725,6576,6671,6437,6463,6585,6525,6500,6677,6455,6643,6707,6639,6478,6682,6443,6462,6561,6469,6419,6423,6575,6691,6449,6505,6715,6586,6569,6433,6704,6622,6562,6499,6641,6655,6495,6706,6634,6636,6532,6603,6605,6557,6538,6436,6516,6624,6614,6716,6606,6616,6688,6580,6723,6465,6612,6684,6476,6652,6513,6687,6541],[6414,6533,6618,6452,6665,6628,6489,6607,6466,6593,6417,6570,6510,6461,6596,6646,6577,6528,6558,6584,6694,6664,6535,6595,6531,6710,6498,6552,6609,6551,6721,6672,6590,6725,6437,6415,6611,6537,6444,6686,6683,6483,6621,6625,6647,6518,6502,6637,6500,6490,6656,6432,6643,6426,6503,6623,6651,6427,6657,6639,6478,6630,6462,6561,6469,6419,6423,6575,6691,6449,6586,6708,6569,6433,6447,6495,6634,6636,6446,6633,6669,6429,6667,6696,6439,6666,6527,6660,6422,6519,6534,6689,6620,6645,6699,6544,6617,6668,6563,6629,6488,6493,6458,6472,6473,6485,6521,6487,6494,6538,6435,6588,6517,6492,6614,6582,6678,6555,6475,6626,6438,6459,6688,6504,6599,6476,6650,6501,6601,6442,6673,6547,6640,6679,6583,6662,6454,6627,6474,6530,6695,6589,6602],[6665,6628,6489,6607,6466,6456,6720,6593,6694,6721,6725,6415,6523,6537,6421,6573,6445,6632,6653,6444,6431,6549,6676,6591,6686,6683,6460,6631,6642,6621,6536,6619,6496,6420,6702,6450,6553,6644,6722,6502,6685,6585,6525,6714,6543,6512,6713,6500,6468,6677,6574,6484,6680,6432,6455,6638,6426,6707,6522,6623,6424,6441,6651,6457,6545,6613,6427,6657,6559,6486,6719,6682,6554,6718,6598,6630,6520,6540,6661,6635,6506,6724,6649,6556,6712,6477,6579,6480,6515,6514,6482]]
theta = [[1.460434,0.000000,-0.079224,0.998329,0.061572,0.083181,-0.102655,-0.102655,0.161217,0.103277,0.027871,0.000000,0.003047,0.009206,0.009206],[1.074512,0.000000,0.066489,0.000000,0.169191,0.073346,0.074744,0.074744,-0.141407,0.004338,0.065206,0.998329,-0.000296,0.008047,0.008047],[1.183139,0.000000,-0.103961,0.998329,0.173229,0.090066,-0.144166,-0.144166,0.178612,0.309427,0.110138,0.000000,-0.004925,0.008458,0.008458]]
alpha = [1.220816,1.005906,1.101754]
runtime = 1938.661865
