seed = 4
ll = -3598.666016
loss_zeroone = 0.241546
loss_symmetric = 0.418764
fscore = 0.350000
clusters = [[6728,6781,6821,6834,6766,6811,6773,6817,6828,6829,6868,6843,6909,6802,6792,6751,6875,6762,6743,6800,6806,6733,6742,6776,6915,6842,6784,6933,6808,6921,6812,6830,6854,6884,6796,6898,6856,6873,6859,6740,6877,6747,6894,6765,6897,6754,6862,6826,6755,6893,6852,6739,6887,6783,6770,6768,6886,6741,6882,6819,6780,6838,6867],[6821,6811,6773,6828,6829,6843,6802,6732,6791,6751,6762,6913,6874,6800,6790,6824,6920,6804,6878,6742,6915,6842,6784,6830,6884,6898,6897,6754,6826,6783,6793,6798,6795,6831,6926,6853]]
theta = [[1.336388,0.000000,0.021164,0.000000,0.100909,0.041918,0.056797,0.056797,0.998925,0.000000,0.000703,0.000703],[1.276210,0.998925,0.020721,0.000000,0.149255,0.014371,0.056188,0.056188,0.000000,0.000000,0.000704,0.000704]]
alpha = [1.333213,1.298739]
runtime = 36.180000
