seed = 2
ll = -4216.123047
loss_zeroone = 0.265700
loss_symmetric = 0.300226
fscore = 0.585366
clusters = [[6781,6821,6834,6766,6811,6773,6817,6828,6829,6843,6909,6802,6792,6751,6762,6743,6800,6824,6733,6742,6776,6915,6842,6784,6933,6808,6921,6830,6854,6884,6796,6898,6856,6873,6859,6740,6877,6747,6894,6765,6897,6754,6826,6755,6852,6887,6783,6768,6819,6780]]
theta = [[1.441809,0.000000,0.130389,0.000000,0.015935,0.100127,-0.077822,-0.077822,0.000000,0.000000,0.957850,-0.034799]]
alpha = [2.204436]
runtime = 16.100000
