seed = 1
ll = -2784.599854
loss_zeroone = 0.283816
loss_symmetric = 0.335398
fscore = 0.446703
clusters = [[6728,6781,6821,6834,6766,6811,6773,6817,6828,6829,6868,6843,6909,6802,6732,6792,6791,6751,6875,6762,6913,6743,6874,6800,6790,6806,6824,6920,6733,6804,6878,6742,6776,6915,6842,6784,6933,6808,6921,6812,6830,6854,6884,6796,6898,6856,6873,6859,6740,6877,6747,6894,6765,6897,6754,6826,6755,6893,6852,6739,6887,6783,6770,6794,6768,6886,6741,6882,6793,6819,6780,6831,6838],[6885,6821,6766,6811,6773,6828,6829,6729,6864,6883,6843,6730,6908,6849,6736,6802,6732,6791,6751,6762,6913,6800,6790,6824,6920,6733,6742,6776,6915,6842,6784,6933,6808,6830,6854,6884,6796,6898,6873,6859,6740,6747,6765,6897,6754,6862,6826,6755,6833,6744,6872,6925,6846,6783,6793,6780,6795,6752,6831,6753,6869,6896,6932,6750,6876,6757,6840,6760,6889,6879,6810,6853,6837,6761,6924,6767,6803,6917,6818,6867,6903,6912,6835],[6834,6766,6811,6817,6828,6829,6868,6843,6730,6908,6849,6736,6909,6792,6875,6743,6824,6733,6742,6776,6915,6842,6784,6808,6921,6884,6796,6898,6856,6873,6859,6740,6877,6747,6894,6765,6897,6862,6826,6755,6833,6744,6852,6872,6925,6739,6823,6846,6887,6770,6768,6741,6819,6798,6836,6795,6910,6759,6926,6850,6822,6810,6927,6825,6818,6867],[6857,6781,6821,6834,6811,6773,6817,6828,6829,6843,6909,6802,6792,6791,6751,6762,6743,6800,6806,6920,6804,6878,6742,6915,6842,6784,6933,6921,6812,6830,6884,6898,6877,6897,6754,6862,6893,6852,6746,6823,6861,6887,6783,6858,6768,6886,6882,6745,6793,6798,6780,6836,6795,6906,6905,6815,6774,6764,6848,6779,6748,6749,6788,6816,6865,6787,6907,6805,6881,6901,6931,6928,6801,6841,6880,6904,6910,6918,6876,6759,6926,6822,6810,6853,6890,6785,6838,6825,6827,6807,6818,6914,6867,6866],[6727,6857,6885,6746,6861,6906,6905,6748,6749,6788,6816,6865,6787,6907,6805,6797,6881,6901,6931,6928,6801,6841,6880,6753,6896,6932,6813,6847,6786,6899,6888,6757,6840,6860,6760,6889,6879,6756,6902,6772,6775,6924,6917,6799,6919,6903,6891,6912,6835]]
theta = [[1.369586,0.000000,0.000446,0.995304,0.069080,0.024487,0.111512,0.111512,0.000000,0.000000,-0.004110,-0.004110],[0.821701,0.000000,0.000021,0.000000,0.020003,-0.054767,-0.025303,-0.025303,0.000000,0.000000,0.978451,-0.012190],[0.941269,0.000000,0.999718,0.000000,-0.105674,-0.029534,0.083656,0.083656,0.000000,0.000000,-0.002827,-0.002827],[0.903502,0.000000,0.000002,0.000000,0.096528,0.011666,-0.054042,-0.054042,0.995304,0.000000,-0.002634,-0.002634],[1.261968,0.995304,0.000070,0.000000,0.265219,0.013867,0.004439,0.004439,0.000000,0.000000,-0.003607,-0.003607]]
alpha = [1.124108,0.834781,0.904463,0.882327,1.076131]
runtime = 147.369995
