seed = 1
ll = -2548.798340
loss_zeroone = 0.299517
loss_symmetric = 0.342635
fscore = 0.431392
clusters = [[6728,6781,6821,6834,6766,6811,6773,6817,6828,6829,6868,6843,6909,6802,6732,6792,6791,6751,6875,6762,6913,6743,6800,6790,6806,6824,6920,6733,6804,6878,6742,6776,6915,6842,6784,6933,6808,6921,6812,6830,6854,6884,6796,6898,6856,6873,6859,6740,6877,6747,6894,6765,6897,6754,6862,6826,6755,6893,6852,6739,6887,6783,6770,6794,6768,6886,6741,6882,6793,6819,6798,6780,6836,6831,6926,6810,6853,6761,6838,6818],[6857,6781,6821,6834,6766,6811,6773,6817,6828,6829,6729,6864,6883,6843,6909,6802,6732,6792,6791,6751,6762,6913,6743,6874,6800,6790,6806,6824,6920,6733,6804,6742,6776,6915,6842,6784,6933,6808,6921,6830,6854,6884,6796,6898,6873,6859,6877,6747,6765,6897,6754,6826,6755,6893,6852,6746,6861,6887,6783,6768,6886,6741,6882,6793,6780,6795,6906,6905,6748,6749,6788,6816,6865,6787,6907,6805,6797,6881,6901,6931,6928,6801,6841,6880,6752,6831,6869,6847,6899,6888,6876,6759,6772,6837,6775,6838,6767,6827,6818,6867],[6727,6885,6728,6821,6834,6766,6811,6817,6828,6829,6868,6843,6792,6875,6762,6743,6874,6824,6733,6878,6742,6776,6915,6784,6933,6808,6921,6812,6830,6884,6796,6898,6856,6873,6859,6740,6877,6747,6894,6765,6897,6754,6826,6755,6893,6823,6887,6783,6770,6745,6819,6795,6815,6774,6764,6848,6779,6904,6910,6753,6896,6932,6757,6840,6759,6926,6850,6760,6889,6879,6822,6810,6890,6785,6924,6803,6917,6927,6825,6807,6903,6912,6835],[6857,6885,6781,6811,6773,6817,6843,6730,6908,6849,6736,6802,6791,6751,6800,6790,6806,6804,6878,6742,6915,6842,6784,6921,6812,6830,6856,6765,6826,6833,6744,6872,6734,6814,6925,6746,6846,6861,6745,6798,6780,6795,6906,6905,6815,6774,6764,6848,6779,6820,6748,6749,6788,6816,6865,6787,6907,6805,6881,6901,6931,6928,6801,6841,6880,6831,6753,6896,6932,6813,6786,6757,6840,6860,6760,6889,6879,6822,6756,6902,6890,6785,6924,6803,6917,6799,6825,6867,6919,6903,6912,6835],[6727,6857,6885,6821,6868,6883,6908,6736,6909,6792,6875,6743,6854,6740,6894,6897,6862,6833,6744,6852,6872,6746,6739,6823,6861,6858,6770,6768,6741,6836,6906,6905,6748,6749,6788,6816,6865,6787,6907,6805,6797,6881,6901,6931,6928,6801,6841,6880,6910,6753,6896,6932,6813,6847,6786,6899,6750,6888,6918,6757,6840,6860,6760,6889,6879,6756,6902,6789,6772,6775,6924,6767,6917,6799,6930,6892,6778,6900,6914,6919,6866,6916,6903,6891,6912,6835],[6834,6766,6811,6828,6829,6843,6730,6908,6849,6736,6909,6731,6802,6871,6792,6875,6733,6742,6776,6915,6842,6784,6933,6808,6921,6812,6830,6854,6884,6796,6898,6856,6873,6859,6740,6877,6747,6894,6862,6826,6755,6833,6744,6852,6872,6734,6814,6925,6739,6823,6846,6887,6858,6768,6886,6741,6793,6819,6798,6836,6795,6820,6904,6910,6750,6918,6876,6860,6926,6822,6838,6927,6825,6807,6914,6867,6866],[6728,6781,6821,6834,6811,6773,6828,6829,6868,6730,6908,6849,6736,6909,6731,6802,6732,6871,6791,6751,6762,6913,6743,6874,6800,6806,6824,6920,6804,6878,6842,6884,6898,6740,6897,6754,6862,6833,6744,6852,6872,6925,6739,6823,6846,6783,6794,6886,6882,6745,6793,6819,6780,6795,6815,6774,6764,6848,6779,6831,6876,6759,6850,6810,6853,6890,6785,6827,6930,6892,6867,6916]]
theta = [[1.295712,0.000000,-0.000005,0.994392,0.064895,0.000316,0.121722,0.121722,0.000000,0.000000,-0.000007,-0.000007],[1.090363,0.000000,0.000015,0.000000,0.047108,0.034944,-0.083075,-0.083075,0.000000,0.000000,0.994352,0.000023],[0.979555,0.000000,0.994753,0.000000,-0.000531,-0.044368,0.025984,0.025984,0.000000,0.000000,0.000017,0.000017],[0.995862,0.000000,-0.000002,0.000000,0.098592,0.007243,-0.047698,-0.047698,0.994392,0.000000,-0.000027,-0.000027],[1.109595,0.994392,0.000012,0.000000,0.168559,0.000630,-0.012273,-0.012273,0.000000,0.000000,-0.009341,-0.009341],[0.884882,0.000000,0.994741,0.000000,-0.095254,-0.047118,0.010825,0.010825,0.000000,0.000000,-0.000028,-0.000028],[0.849326,0.000000,-0.000014,0.994392,0.090840,-0.043411,0.021575,0.021575,0.000000,0.000000,-0.001629,-0.001629]]
alpha = [1.119857,0.988187,0.939586,0.946353,1.012361,0.894516,0.886701]
runtime = 220.360001
