seed = 2
ll = -3248.670654
loss_zeroone = 0.243156
loss_symmetric = 0.373186
fscore = 0.445426
clusters = [[6781,6821,6834,6766,6811,6773,6817,6828,6829,6843,6909,6802,6732,6792,6791,6751,6762,6913,6743,6800,6790,6806,6824,6920,6733,6804,6878,6742,6776,6915,6842,6784,6933,6808,6921,6812,6830,6854,6884,6796,6898,6856,6873,6859,6740,6877,6747,6765,6897,6754,6826,6755,6852,6739,6887,6783,6794,6768,6886,6741,6882,6793,6819,6780,6795,6831,6810,6838],[6728,6834,6766,6811,6773,6817,6828,6829,6868,6843,6909,6792,6875,6762,6743,6733,6742,6915,6842,6784,6933,6808,6921,6830,6884,6796,6898,6859,6740,6877,6747,6894,6765,6897,6754,6862,6826,6755,6893,6887,6783,6770,6798,6780,6759,6926,6822,6825,6867],[6857,6885,6821,6811,6868,6883,6802,6875,6874,6824,6915,6884,6898,6740,6894,6897,6746,6861,6768,6886,6741,6836,6795,6906,6905,6748,6749,6788,6816,6865,6787,6907,6805,6797,6881,6901,6931,6928,6801,6841,6880,6753,6896,6932,6888,6757,6840,6760,6889,6879,6924,6917,6903,6912,6835]]
theta = [[1.318962,0.000000,0.026524,0.000000,-0.045032,0.021021,0.097152,0.097152,0.000000,0.000000,0.981055,-0.012666],[0.962603,0.000000,0.021195,0.000000,0.605167,-0.019561,0.067204,0.067204,0.000000,0.000000,-0.009667,-0.009667],[1.114621,0.000000,0.024324,0.996846,0.043962,0.050187,-0.097269,-0.097269,0.000000,0.000000,-0.008952,-0.008952]]
alpha = [1.303184,0.922926,1.179186]
runtime = 374.993042
