seed = 2
ll = -2967.142090
loss_zeroone = 0.300725
loss_symmetric = 0.404703
fscore = 0.389373
clusters = [[6728,6781,6821,6834,6766,6811,6773,6817,6828,6829,6868,6843,6909,6802,6732,6792,6791,6751,6762,6913,6743,6874,6800,6790,6806,6824,6920,6733,6804,6878,6742,6776,6915,6842,6784,6933,6808,6921,6812,6830,6854,6884,6796,6898,6856,6873,6859,6740,6877,6747,6894,6765,6897,6754,6826,6755,6852,6887,6783,6768,6886,6882,6793,6819,6780,6795,6831,6759,6822,6810,6818],[6821,6834,6766,6811,6773,6817,6828,6829,6868,6843,6730,6908,6849,6736,6909,6792,6875,6762,6743,6733,6742,6776,6915,6842,6784,6933,6808,6921,6830,6854,6884,6796,6898,6856,6859,6740,6877,6747,6765,6897,6754,6862,6826,6755,6893,6833,6744,6852,6872,6925,6739,6823,6846,6887,6783,6858,6770,6768,6741,6798,6780,6836,6910,6918,6926,6838,6807,6914,6867,6866],[6727,6857,6885,6834,6828,6883,6792,6875,6733,6742,6776,6921,6884,6898,6873,6859,6740,6894,6862,6893,6746,6739,6861,6770,6768,6741,6819,6798,6906,6905,6748,6749,6788,6816,6865,6787,6907,6805,6797,6881,6901,6931,6928,6801,6841,6880,6753,6896,6932,6847,6899,6888,6757,6840,6860,6926,6760,6889,6879,6775,6924,6767,6803,6917,6825,6827,6919,6903,6891,6912,6835],[6857,6781,6821,6811,6773,6829,6883,6843,6802,6732,6791,6751,6875,6762,6913,6800,6790,6806,6824,6920,6804,6878,6915,6842,6830,6897,6754,6746,6861,6794,6886,6741,6745,6793,6795,6906,6905,6815,6774,6764,6848,6779,6748,6749,6788,6816,6865,6787,6907,6805,6797,6881,6901,6931,6928,6801,6841,6880,6831,6813,6786,6888,6876,6853,6756,6902,6772,6890,6785,6838,6799,6867]]
theta = [[1.411965,0.000000,0.018084,0.000000,0.005620,0.027944,0.073013,0.073013,0.000000,0.000000,0.977548,-0.012347],[0.977008,0.000000,0.013145,0.000000,0.476303,-0.004829,0.060986,0.060986,0.000000,0.000000,-0.008561,-0.008561],[1.071338,0.000000,0.015710,0.994930,0.098858,0.019368,-0.025542,-0.025542,0.000000,0.000000,-0.014427,-0.014427],[0.973819,0.000000,0.015315,0.000000,0.144390,-0.001997,-0.058258,-0.058258,0.000000,0.994930,-0.015294,-0.015294]]
alpha = [1.286577,0.850379,1.090122,1.044678]
runtime = 116.029999
