seed = 1
ll = -7922.745117
loss_zeroone = 0.284921
loss_symmetric = 0.196661
fscore = 0.462720
clusters = [[7716,7919,7778,7722,7789,7817,7887,7670,7671,7812,7849,7863,7741,7889,7896,7771,7744,7715,7786,7821,7878,7719,7739,7865,7710,7859,7690,7794,7958,7858,7847,7675,7673,7763,7905,7851,7914,7843,7691,7909,7791,7724,7956,7694,7877,7762,7801,7681,7979,7960,7743,7888,7977,7950,7708,7740,7959,7904,7680,7885,7980,7927,7957,7897,7687,7875,7779,7756,7802,7755,7797,7955,7931,7810,7857,7742,7938,7924,7689,7928,7969,7839,7951,7948,7845,7848,7720,7692,7891,7813,7910,7827,7898,7907,7872,7758,7698,7735,7770,7934,7833,7935,7946,7809],[7826,7778,7670,7863,7889,7861,7733,7878,7739,7794,7913,7905,7691,7945,7838,7724,7956,7871,7743,7977,7686,7959,7680,7705,7797,7823,7677,7754,7721,7751,7776,7943,7772,7788,7731,7678,7966,7738,7711,7796,7862,7811,7920,7780,7761,7696,7965,7854,7967,7975,7729,7679,7902,7737,7912,7725,7918,7824,7819,7704,7869,7750,7853,7870,7921,7857,7693,7963,7846,7701,7767,7831,7895,7922,7752,7850,7775,7805,7799,7932,7962,7792,7688,7707,7684,7730,7702,7971,7845,7848,7703,7976,7713,7699,7746,7764,7899,7793,7766,7785,7777,7890,7728,7790,7828,7718,7947,7769,7978],[7668,7716,7717,7697,7894,7749,7712,7682,7879,7816,7844,7781,7886,7820,7939,7672,7753,7881,7669,7826,7919,7778,7734,7726,7722,7789,7941,7929,7817,7887,7670,7812,7849,7863,7741,7889,7896,7771,7744,7715,7925,7861,7733,7719,7739,7865,7690,7794,7958,7858,7675,7673,7913,7763,7851,7914,7843,7691,7945,7838,7882,7724,7871,7877,7762,7801,7681,7979,7960,7743,7950,7708,7686,7798,7740,7856,7685,7774,7867,7700,7842,7897,7874,7706,7745,7757,7800,7911,7674,7687,7815,7802,7952,7732,7961,7860,7836,7818,7709,7695,7755,7705,7797,7823,7677,7754,7721,7723,7866,7873,7784,7751,7955,7931,7776,7943,7772,7788,7731,7796,7811,7920,7780,7761,7982,7702,7807,7971,7951,7948,7703,7782,7884,7793,7766,7785,7765,7777,7795,7890,7728,7803,7917,7748,7981,7832,7900,7949,7901,7814,7804,7822,7736,7768,7937,7806,7834,7964,7835],[7668,7717,7894,7749,7712,7682,7879,7816,7844,7781,7886,7820,7939,7672,7753,7881,7669,7734,7726,7789,7941,7929,7671,7739,7905,7882,7798,7959,7904,7856,7680,7885,7685,7774,7867,7700,7927,7842,7874,7930,7706,7745,7757,7800,7797,7678,7966,7738,7711,7854,7967,7975,7729,7902,7737,7912,7725,7918,7824,7819,7704,7869,7750,7853,7921,7954,7693,7936,7742,7963,7767,7831,7895,7915,7972,7922,7752,7850,7775,7938,7908,7689,7805,7799,7932,7962,7792,7707,7760,7944,7684,7730,7982,7852,7714,7976,7713,7699,7746,7764,7899,7942,7790,7718,7727,7837]]
theta = [[1.226170,0.000000,-0.034220,0.000000,0.050667,0.046541,-0.002332,-0.002332,0.000000,0.000000,0.086456,0.131942,0.131942,0.106625,0.106625,0.998288,0.000000],[1.072451,0.000000,-0.009582,0.000000,0.100173,0.108094,0.008362,0.008362,0.000000,0.000000,0.060936,-0.000923,-0.000923,0.055133,0.055133,0.998288,0.000000],[1.097375,0.000000,0.963013,0.000000,-0.023081,0.041275,0.008208,0.008208,0.000000,0.000000,0.045588,0.035306,0.035306,0.019500,0.019500,0.000000,0.000000],[1.011227,0.000000,-0.015224,0.000000,0.060988,0.013947,0.007813,0.007813,0.000000,0.000000,0.041713,0.072653,0.072653,0.056579,0.056579,0.000000,0.998288]]
alpha = [1.147607,1.045742,1.029691,1.010061]
runtime = 818.499939
