seed = 3
ll = -10956.719727
loss_zeroone = 0.180952
loss_symmetric = 0.361314
fscore = 0.451219
clusters = [[7716,7778,7722,7887,7670,7812,7849,7863,7889,7896,7771,7744,7715,7719,7739,7865,7690,7794,7958,7858,7673,7763,7851,7914,7843,7691,7956,7877,7762,7801,7979,7960,7743,7950,7708,7740,7897,7687,7802,7755,7951,7948]]
theta = [[1.469508,0.000000,-0.005154,0.000000,0.182019,0.163573,0.011091,0.011091,0.000000,0.999587,0.216604,0.103994,0.103994,0.051128,0.051128,0.000000,0.000000]]
alpha = [1.546693]
runtime = 70.720001
