seed = 1
ll = -9626.136719
loss_zeroone = 0.134921
loss_symmetric = 0.185839
fscore = 0.762419
clusters = [[7716,7826,7919,7778,7722,7789,7817,7887,7670,7671,7812,7849,7863,7741,7889,7896,7771,7744,7715,7733,7786,7878,7719,7739,7865,7859,7690,7794,7958,7858,7675,7673,7913,7763,7851,7914,7843,7691,7945,7838,7909,7724,7956,7871,7877,7762,7801,7681,7979,7960,7743,7888,7977,7950,7708,7686,7740,7897,7687,7756,7802,7755,7705,7797,7823,7677,7754,7721,7751,7955,7931,7776,7943,7772,7780,7761,7702,7971,7951,7948,7845,7848,7703,7793,7766,7785,7827,7777,7890],[7739,7905,7959,7680,7797,7678,7966,7738,7711,7854,7967,7975,7729,7902,7737,7912,7725,7918,7824,7819,7704,7869,7750,7853,7921,7693,7963,7767,7831,7895,7752,7850,7775,7938,7805,7799,7932,7792,7707,7684,7730,7976,7713,7699,7746,7764,7899,7790,7718]]
theta = [[1.165222,0.000000,-0.006952,0.000000,0.026806,0.067917,0.004850,0.004850,0.000000,0.000000,0.108495,0.026103,0.026103,0.030421,0.030421,0.999406,0.000000],[1.245449,0.000000,-0.004076,0.000000,0.144710,0.147291,0.004860,0.004860,0.000000,0.000000,0.139493,0.053998,0.053998,0.019243,0.019243,0.999406,0.000000]]
alpha = [1.203182,1.260409]
runtime = 389.230011
