seed = 3
ll = -8802.445312
loss_zeroone = 0.249735
loss_symmetric = 0.317284
fscore = 0.460528
clusters = [[7716,7778,7722,7789,7817,7887,7670,7671,7812,7849,7863,7741,7889,7896,7771,7744,7715,7786,7821,7878,7719,7739,7865,7710,7859,7690,7794,7958,7858,7675,7673,7763,7905,7851,7914,7843,7691,7909,7791,7724,7956,7871,7877,7762,7801,7979,7960,7743,7888,7977,7950,7708,7740,7927,7957,7897,7687,7875,7815,7779,7756,7802,7755,7873,7955,7931,7810,7924,7839,7951,7948,7848,7720,7884,7692,7891,7813,7910,7827,7795,7907,7872,7803,7758,7698,7735,7770,7934,7833],[7826,7919,7778,7817,7670,7812,7849,7863,7889,7771,7744,7715,7925,7861,7733,7878,7719,7739,7865,7690,7794,7958,7858,7847,7673,7913,7763,7851,7914,7843,7691,7945,7838,7882,7724,7956,7694,7877,7762,7801,7681,7979,7960,7743,7950,7708,7686,7798,7740,7959,7904,7680,7897,7687,7802,7755,7705,7797,7823,7677,7754,7721,7751,7776,7943,7772,7788,7731,7796,7862,7811,7920,7780,7761,7696,7965,7679,7857,7742,7701,7767,7938,7689,7962,7982,7928,7702,7971,7948,7845,7703,7793,7766,7785,7765,7777,7898,7890,7728,7748,7804,7947,7946,7834],[7668,7716,7717,7894,7749,7712,7682,7879,7816,7844,7781,7886,7820,7939,7672,7753,7881,7669,7919,7778,7734,7726,7722,7789,7941,7929,7739,7905,7798,7959,7856,7680,7885,7685,7774,7867,7700,7842,7874,7930,7706,7745,7757,7800,7797,7678,7966,7738,7711,7854,7967,7975,7729,7902,7737,7912,7725,7918,7824,7819,7704,7869,7750,7853,7921,7693,7742,7963,7846,7767,7831,7895,7922,7752,7850,7775,7938,7805,7799,7932,7792,7688,7707,7684,7730,7976,7713,7699,7746,7764,7899,7790,7718]]
theta = [[1.161473,0.000000,-0.002035,0.000000,0.021066,0.062138,0.000946,0.000946,0.000000,0.999103,0.099773,0.060595,0.060595,0.033287,0.033287,0.000000,0.000000],[1.045344,0.000000,-0.006465,0.000000,0.052742,0.061294,0.000894,0.000894,0.999103,0.000000,0.065789,0.034800,0.034800,0.022089,0.022089,0.000000,0.000000],[1.124317,0.000000,-0.013468,0.000000,0.127655,0.036799,0.000865,0.000865,0.000000,0.999103,0.072926,0.041141,0.041141,0.081202,0.081202,0.000000,0.000000]]
alpha = [1.124613,1.057121,1.103600]
runtime = 3069.799316
