seed = 1
ll = -1078.464844
loss_zeroone = 0.239130
loss_symmetric = 0.170602
fscore = 0.575714
clusters = [[8101,8238,8206,8182,8118,8195,8112,8121,8119,8200,8105,8153,8216,8155,8207,8232,8162,8111,8134,8107,8196,8120,8178,8148,8222,8108,8172,8223,8209,8125,8131,8197,8205,8144,8214,8176,8228,8129,8198,8147],[8182,8118,8112,8200,8102,8233,8141,8139,8140,8145,8199,8105,8113,8194,8224,8153,8216,8155,8161,8191,8117,8146,8186,8232,8109,8162,8128,8134,8106,8187,8148,8223,8209,8197,8110,8190,8184,8202,8114,8174,8225,8126,8215,8142,8135,8226,8181,8160,8138,8159,8167],[8238,8206,8182,8118,8112,8121,8200,8233,8185,8103,8230,8227,8229,8154,8220,8203,8210,8105,8113,8194,8224,8153,8216,8161,8191,8117,8146,8186,8109,8162,8128,8134,8192,8150,8204,8234,8187,8221,8108,8125,8131,8205,8173,8123,8132,8169,8177,8127,8152,8180,8236,8136,8143,8188,8219,8171,8235,8170],[8238,8206,8195,8121,8119,8102,8233,8141,8139,8140,8145,8199,8104,8168,8192,8150,8204,8106,8234,8187,8221,8196,8120,8222,8172,8125,8163,8165,8201,8137,8144,8228,8126,8173,8132,8169,8152,8142,8212,8156,8179,8180,8236,8136,8226,8181,8217,8208,8211,8237,8151,8213]]
theta = [[1.194122,-0.332716,-0.330192,0.268805,0.268805,0.000000,0.250130,0.250130,-0.270672,-0.074356,0.895136,0.175281,0.175281,-0.087105,-0.017928,-0.017928,-0.054393,-0.054393,0.133387,0.013397,0.013397,0.000000,0.000000,-0.000000,0.000000,0.000000,0.000000,0.000000,0.000015,0.000000,-0.000000,0.000000,0.000000,0.000313,0.000313,-0.000047,-0.000047,0.000000,-0.029899,-0.010720,0.000000,0.000000,-0.015791,-0.015791],[1.058836,0.016704,-0.123746,0.123066,0.123066,0.000000,-0.021578,-0.021578,0.491768,-0.064165,-0.064165,0.150230,0.150230,-0.193037,0.040243,0.040243,-0.030759,-0.030759,0.107762,0.070468,0.070468,0.000000,0.000000,-0.004304,0.000000,0.000000,0.000000,0.000000,0.107645,0.000000,-0.004304,0.000000,0.000000,0.078735,0.078735,0.000032,0.000032,0.000000,-0.021390,-0.009650,0.000000,0.000000,0.117740,0.117740],[1.294795,-0.163477,-0.091286,-0.289962,-0.289962,0.000000,-0.210203,-0.210203,0.214218,-0.102585,-0.102585,0.038010,0.038010,0.041244,0.061126,0.061126,0.065926,0.065926,0.069493,0.001620,0.001620,0.000000,0.000000,0.000017,0.000000,0.000000,0.000000,0.000000,0.325450,0.000000,0.991668,0.000000,0.000000,0.098454,0.098454,-0.000016,-0.000016,0.000000,0.090020,0.043595,0.000000,0.000000,0.055306,0.055306],[1.144665,0.073999,0.155984,0.072595,0.072595,0.000000,0.043479,0.043479,0.205218,0.218487,0.218487,0.114240,0.114240,0.015930,0.127380,0.127380,-0.044410,-0.044410,0.031998,0.066037,0.066037,0.000000,0.000000,-0.000027,0.000000,0.000000,0.984246,0.000000,-0.017543,0.000000,-0.000027,0.000000,0.000000,-0.004425,-0.004425,0.000056,0.000056,0.000000,-0.022213,-0.006866,0.000000,0.000000,0.002080,0.002080]]
alpha = [1.391576,0.767842,1.075184,1.051702]
runtime = 35.160000
