seed = 0
ll = -979.292542
loss_zeroone = 0.260870
loss_symmetric = 0.179536
fscore = 0.503593
clusters = [[8238,8206,8182,8118,8195,8112,8121,8119,8200,8185,8103,8230,8227,8229,8154,8220,8203,8210,8153,8216,8155,8207,8232,8162,8111,8134,8107,8196,8120,8178,8148,8222,8108,8172,8223,8209,8125,8131,8197,8205,8114,8174,8144,8214,8228,8129,8198,8166,8149,8177,8127,8143,8188,8147,8219,8171,8235,8231,8170],[8102,8233,8141,8139,8140,8145,8199,8185,8103,8227,8229,8154,8220,8203,8104,8210,8168,8192,8150,8204,8106,8234,8187,8221,8163,8165,8201,8115,8137,8225,8126,8173,8132,8169,8177,8215,8152,8142,8156,8179,8180,8236,8136,8143,8226,8181,8160,8138,8217,8208,8211,8188,8219,8171,8235,8170],[8101,8238,8206,8182,8118,8195,8112,8121,8119,8200,8233,8105,8168,8216,8155,8232,8162,8134,8107,8196,8120,8148,8222,8108,8172,8223,8209,8125,8131,8197,8205,8163,8165,8201,8137,8176,8228,8129,8212,8135,8156,8179,8133,8217,8208,8211,8147],[8101,8182,8118,8112,8200,8102,8233,8141,8139,8140,8145,8199,8105,8113,8194,8224,8153,8216,8155,8161,8191,8117,8146,8186,8207,8232,8109,8162,8111,8128,8134,8178,8148,8223,8209,8131,8197,8205,8110,8190,8184,8202,8225,8126,8152,8142,8226,8181,8237,8159,8151,8213,8167],[8101,8238,8206,8182,8195,8121,8119,8233,8105,8113,8194,8224,8153,8161,8191,8117,8146,8186,8207,8109,8111,8128,8192,8150,8204,8106,8234,8187,8221,8196,8222,8172,8125,8202,8144,8214,8176,8228,8198,8173,8123,8132,8169,8152,8180,8236,8136]]
theta = [[1.080302,-0.160837,-0.074342,0.042147,0.042147,0.000000,0.092588,0.092588,0.058781,0.127784,0.127784,-0.006253,-0.006253,0.072655,0.017286,0.017286,0.007282,0.007282,0.076669,-0.019693,0.963556,0.000000,0.000000,0.008335,0.000000,0.000000,0.000000,0.000000,0.064797,0.000000,0.008335,0.000000,0.000000,-0.019900,-0.019900,0.000474,0.000474,0.000000,0.036434,0.025539,0.000000,0.000000,0.017815,0.017815],[1.200493,0.098366,0.105867,0.105753,0.105753,0.000000,0.068384,0.068384,0.155357,0.032112,0.032112,0.056256,0.056256,0.100548,0.112890,0.112890,0.017664,0.017664,0.059907,0.052027,0.052027,0.000000,0.000000,0.001806,0.000000,0.000000,0.000000,0.000000,0.142515,0.000000,1.001124,0.000000,0.000000,0.029200,0.029200,0.000625,0.000625,0.000000,0.047365,0.039470,0.000000,0.000000,0.114735,0.114735],[1.115796,-0.141216,-0.105498,0.189956,0.189956,0.991598,0.229895,0.229895,-0.062218,-0.044324,-0.044324,-0.010659,-0.010659,-0.004917,0.008142,0.008142,-0.000053,-0.000053,0.060030,0.050317,0.050317,0.000000,0.000000,-0.000005,0.000000,0.000000,0.000000,0.000000,0.003910,0.000000,-0.000005,0.000000,0.000000,-0.037394,-0.037394,-0.000003,-0.000003,0.000000,-0.000361,-0.021335,0.000000,0.000000,-0.050306,-0.050306],[1.112076,-0.045681,-0.080053,0.067241,0.067241,0.000000,0.057375,0.057375,0.054814,0.014446,0.014446,0.054344,0.054344,0.030194,-0.002041,-0.002041,-0.000036,-0.000036,0.007344,0.094118,0.094118,0.000000,0.000000,0.000042,0.000000,0.000000,0.000000,0.000000,0.036899,0.000000,0.000042,0.000000,0.000000,0.065012,0.065012,0.000041,0.000041,0.000000,-0.001958,0.953593,0.000000,0.000000,0.129780,0.129780],[1.130981,-0.041282,-0.083241,-0.022765,-0.022765,0.000000,-0.172001,0.811248,0.037914,0.026483,0.026483,0.141997,0.141997,0.025583,0.105078,0.105078,-0.000061,-0.000061,0.061491,0.029065,0.029065,0.000000,0.000000,0.000028,0.000000,0.000000,0.000000,0.000000,0.151494,0.000000,0.000028,0.000000,0.000000,0.024225,0.024225,0.000394,0.000394,0.000000,-0.000017,-0.014854,0.000000,0.000000,-0.001282,-0.001282]]
alpha = [0.930608,0.946773,0.975681,0.889659,0.866286]
runtime = 27.799999
