seed = 0
ll = -1839.138306
loss_zeroone = 0.173913
loss_symmetric = 0.284333
fscore = 0.603175
clusters = [[8206,8182,8118,8112,8121,8200,8105,8153,8216,8155,8232,8162,8134,8148,8223,8209,8125,8131,8197,8205]]
theta = [[1.403349,-0.251761,-0.170685,0.138816,0.138816,0.000000,0.134403,0.134403,0.002301,-0.077021,-0.077021,0.035664,0.035664,-0.112370,-0.005010,-0.005010,-0.094489,-0.094489,0.011771,-0.208267,0.767631,0.000000,0.000000,-0.095043,0.000000,0.000000,0.000000,0.000000,0.069208,0.000000,-0.095043,0.000000,0.000000,0.022298,0.022298,0.065731,0.065731,0.000000,-0.065621,-0.106203,0.000000,0.000000,0.105564,0.105564]]
alpha = [1.889707]
runtime = 5.760000
