seed = 2
ll = -1261.764160
loss_zeroone = 0.200483
loss_symmetric = 0.142627
fscore = 0.614494
clusters = [[8101,8238,8206,8182,8118,8195,8112,8121,8119,8200,8105,8153,8216,8155,8207,8232,8162,8111,8134,8107,8196,8120,8178,8148,8222,8108,8172,8223,8209,8125,8131,8197,8205,8144,8176,8228,8129,8198,8147],[8206,8182,8118,8112,8121,8200,8233,8105,8168,8113,8194,8224,8153,8216,8155,8161,8191,8117,8146,8186,8232,8109,8162,8128,8134,8192,8150,8204,8234,8187,8221,8148,8223,8209,8125,8205,8163,8165,8201,8202,8137,8214,8173,8123,8132,8169,8152,8212,8156,8179,8180,8236,8136,8217,8208,8211,8237,8151,8213],[8102,8233,8141,8139,8140,8145,8199,8185,8103,8230,8227,8229,8154,8220,8203,8210,8192,8150,8204,8106,8234,8187,8221,8225,8126,8173,8132,8169,8177,8215,8127,8152,8142,8180,8236,8136,8143,8226,8181,8160,8138,8188,8219,8171,8235,8170]]
theta = [[1.342864,-0.323202,-0.303585,0.102211,0.102211,0.000000,0.119759,0.119759,-0.050209,0.190049,0.190049,0.131239,0.131239,-0.013937,0.044504,0.044504,-0.017678,-0.017678,0.194031,0.102317,0.102317,0.000000,0.000000,-0.025481,0.989498,0.000000,0.000000,0.000000,0.046568,0.000000,-0.025481,0.000000,0.000000,-0.035970,-0.035970,-0.000002,-0.000002,0.000000,0.041547,0.007759,0.000000,0.000000,-0.007788,-0.007788],[1.120904,-0.149356,-0.068837,-0.016219,-0.016219,0.000000,-0.053829,-0.053829,0.026846,-0.104536,-0.104536,0.147855,0.147855,-0.083581,0.057010,0.057010,-0.014642,-0.014642,-0.005156,0.122183,0.122183,0.000000,0.000000,-0.021770,0.000000,0.000000,0.000000,0.000000,0.127889,0.000000,-0.021770,0.989498,0.000000,0.072363,0.072363,0.000042,0.000042,0.000000,0.038063,0.007160,0.000000,0.000000,0.041288,0.041288],[1.133726,-0.046501,-0.041798,0.065898,0.065898,0.000000,0.058354,0.058354,0.218813,0.138027,0.138027,0.068761,0.068761,0.074916,0.066370,0.066370,0.015507,0.015507,0.114408,0.006880,0.006880,0.000000,0.000000,0.022758,0.000000,0.000000,0.000000,0.000000,0.146756,0.000000,0.022758,0.000000,0.000000,-0.024222,-0.024222,-0.000001,0.990180,0.000000,0.015943,0.011631,0.000000,0.000000,0.119605,0.119605]]
alpha = [1.328258,1.113167,1.109984]
runtime = 73.146675
