seed = 0
ll = -1469.317627
loss_zeroone = 0.108696
loss_symmetric = 0.147885
fscore = 0.741192
clusters = [[8101,8238,8206,8182,8118,8195,8112,8121,8119,8200,8105,8153,8216,8155,8207,8232,8162,8111,8134,8107,8196,8120,8178,8148,8222,8108,8172,8223,8209,8125,8131,8197,8205,8144,8214,8176,8228,8129,8198],[8233,8139,8145,8185,8103,8227,8229,8154,8220,8203,8210,8192,8150,8204,8106,8234,8187,8221,8173,8132,8169,8177,8152,8180,8236,8136,8143,8188,8219,8171,8235,8170]]
theta = [[1.269509,-0.276902,-0.204838,0.097999,0.097999,0.000000,0.077799,0.077799,-0.028688,0.070951,0.070951,0.058923,0.058923,-0.056169,0.003011,0.003011,0.007577,0.007577,0.103824,-0.007990,0.986811,0.000000,0.000000,0.018176,0.000000,0.000000,0.000000,0.000000,0.042293,0.000000,0.018176,0.000000,0.000000,-0.046723,-0.046723,0.009668,0.009668,0.000000,0.073626,0.079481,0.000000,0.000000,0.098247,0.098247],[1.165743,-0.219440,-0.175804,0.124039,0.124039,0.000000,0.108315,0.108315,0.172112,0.078046,0.078046,0.036360,0.036360,0.050420,-0.008705,-0.008705,0.000021,0.000021,0.088223,-0.040143,-0.040143,0.000000,0.000000,-0.010474,0.000000,0.000000,0.000000,0.000000,0.178289,0.000000,0.976976,0.000000,0.000000,-0.092520,-0.092520,0.009340,0.009340,0.000000,0.037062,-0.012885,0.000000,0.000000,0.025847,0.025847]]
alpha = [1.341338,1.288414]
runtime = 13.930000
