seed = 3
ll = -369.128540
loss_zeroone = 0.239796
loss_symmetric = 0.229151
fscore = 0.506910
clusters = [[8240,8323,8256,8273,8333,8306,8270,8324,8327,8249,8272,8283,8277,8296,8244,8312,8332,8262,8281,8292,8274,8290,8336,8314,8280,8307,8255,8298,8248,8257,8251,8259,8305,8334,8310,8266,8308,8297,8279],[8240,8323,8273,8333,8306,8270,8324,8327,8249,8272,8283,8277,8296,8331,8261,8316,8245,8268,8251,8259,8305,8303,8291,8310,8300,8276,8265,8269,8326,8318,8299,8285,8320],[8331,8244,8312,8332,8262,8330,8281,8292,8274,8290,8301,8336,8314,8261,8316,8245,8280,8307,8268,8317,8302,8311,8308,8300,8297,8275,8289,8328,8309],[8240,8323,8256,8273,8333,8306,8270,8324,8327,8249,8272,8283,8277,8331,8242,8267,8251,8305,8303,8317,8250,8334,8291,8302,8253,8311,8264,8295,8318,8299,8329,8289,8285,8320,8321,8309]]
theta = [[1.438638,0.000000,0.000000,-0.001916,-0.001916,0.000000,0.000000,0.000000,0.000000,0.115155,0.000000,0.971885,0.000113,0.000113],[1.222374,0.000000,0.000000,0.132670,0.132670,0.000000,0.000000,0.971885,0.000000,0.141606,0.000000,0.000000,0.000085,0.000085],[1.639468,0.000000,0.000000,-0.088616,0.855262,0.000000,0.000000,0.000000,0.000000,0.227829,0.000000,0.000000,-0.000089,-0.000089],[1.282652,0.971885,0.000000,0.130475,0.130475,0.000000,0.000000,0.000000,0.000000,0.008228,0.000000,0.000000,0.000100,0.000100]]
alpha = [1.181443,1.071634,1.317025,1.108023]
runtime = 4.400000
