seed = 1
ll = -691.525146
loss_zeroone = 0.234694
loss_symmetric = 0.297619
fscore = 0.576271
clusters = [[8240,8323,8273,8333,8306,8270,8324,8327,8249,8272,8283,8277,8296,8251,8305,8334,8310]]
theta = [[1.797366,0.000000,0.000000,0.040509,0.040509,0.000000,0.000000,0.000000,0.000000,0.105093,0.000000,0.991461,0.045305,0.045305]]
alpha = [1.868341]
runtime = 0.760000
