seed = 0
ll = -405.627045
loss_zeroone = 0.180272
loss_symmetric = 0.138266
fscore = 0.650944
clusters = [[8240,8323,8256,8273,8333,8306,8270,8324,8327,8249,8272,8283,8277,8296,8331,8242,8267,8251,8259,8305,8303,8317,8250,8334,8291,8302,8311,8310,8318,8299,8329,8289,8285,8320,8309],[8240,8323,8273,8333,8306,8270,8324,8327,8249,8272,8283,8277,8296,8244,8312,8332,8262,8330,8292,8274,8290,8336,8280,8307,8255,8298,8248,8257,8251,8305,8334,8253,8310,8266,8308,8276,8265,8269,8326,8297,8264,8295,8321],[8244,8312,8332,8262,8281,8292,8274,8290,8301,8336,8314,8261,8316,8245,8280,8307,8268,8308,8300,8297,8279,8275,8328]]
theta = [[1.602140,0.000000,0.000000,0.088389,0.088389,0.000000,0.000000,0.000000,0.000000,0.226842,0.000000,0.000000,-0.000039,0.984030],[1.290994,0.000000,0.000000,0.003026,0.003026,0.000000,0.000000,0.000000,0.000000,0.044118,0.000000,0.979174,0.000002,0.000002],[1.692352,0.000000,0.000000,-0.002022,-0.002022,0.000000,0.979174,0.000000,0.000000,0.242298,0.000000,0.000000,0.000056,0.000056]]
alpha = [1.343179,1.148526,1.392162]
runtime = 9.205058
