seed = 2
ll = -290.665771
loss_zeroone = 0.265306
loss_symmetric = 0.212049
fscore = 0.460018
clusters = [[8240,8323,8273,8333,8306,8270,8324,8327,8249,8272,8283,8277,8296,8244,8312,8332,8262,8330,8292,8274,8290,8301,8336,8314,8280,8307,8251,8259,8305,8334,8291,8310,8308,8297,8275,8328],[8240,8323,8256,8273,8333,8306,8270,8324,8327,8249,8272,8283,8277,8331,8242,8244,8312,8262,8330,8281,8292,8301,8314,8261,8316,8245,8280,8268,8251,8259,8305,8303,8317,8250,8334,8291,8253,8311,8310,8308,8300,8279,8299,8329,8289],[8244,8312,8332,8262,8281,8292,8274,8290,8301,8336,8314,8261,8316,8245,8280,8307,8268,8255,8298,8248,8257,8266,8300,8276,8265,8269,8326,8297,8264,8295,8279,8275,8321],[8240,8323,8256,8273,8333,8306,8270,8324,8327,8249,8272,8283,8277,8296,8331,8255,8298,8248,8257,8251,8259,8305,8303,8317,8250,8311,8310,8266,8276,8265,8269,8326,8264,8295,8318,8299,8329,8289,8285,8320,8321],[8256,8306,8270,8324,8327,8283,8331,8242,8244,8312,8332,8330,8281,8274,8290,8336,8314,8280,8307,8267,8255,8298,8248,8257,8334,8302,8253,8310,8266,8308,8276,8265,8269,8326,8297,8279,8318,8328,8309],[8240,8323,8256,8273,8333,8306,8270,8324,8327,8249,8272,8283,8277,8296,8331,8242,8261,8316,8245,8267,8268,8251,8305,8303,8334,8291,8302,8253,8300,8318,8299,8285,8320,8309],[8331,8244,8312,8332,8262,8330,8281,8292,8274,8290,8336,8261,8316,8280,8307,8267,8268,8303,8317,8250,8302,8311,8308,8300,8297,8264,8295,8275,8329,8289,8285,8320,8328,8321,8309]]
theta = [[1.095361,0.000000,0.000000,0.013078,0.013078,0.000000,0.000000,0.000000,0.000000,0.918821,0.000000,0.000000,0.000007,0.000007],[0.972302,0.000000,0.000000,-0.014074,-0.014074,0.000000,0.000000,0.000000,0.000000,0.012053,0.000000,0.000000,0.000006,0.000006],[1.163612,0.000000,0.000000,0.971143,-0.008137,0.000000,0.000000,0.000000,0.000000,0.088383,0.000000,0.000000,0.000010,0.000010],[1.179594,0.000000,0.000000,-0.011850,-0.011850,0.000000,0.000000,0.000000,0.000000,0.033373,0.000000,0.000000,0.989705,0.000013],[1.003172,0.000000,0.000000,0.005795,0.005795,0.000000,0.989587,0.000000,0.000000,0.002508,0.000000,0.000000,0.000008,0.000008],[1.194928,0.000000,0.000000,-0.008821,-0.008821,0.000000,0.000000,0.000000,0.000000,0.069537,0.989587,0.000000,0.000014,0.000014],[1.204362,0.000000,0.000000,0.033157,0.033157,0.989587,0.000000,0.000000,0.000000,0.101300,0.000000,0.000000,0.000013,0.000013]]
alpha = [0.977512,0.967322,1.048013,1.073773,0.981233,1.082289,1.088858]
runtime = 6.820000
