seed = 4
ll = -509.840607
loss_zeroone = 0.147959
loss_symmetric = 0.153530
fscore = 0.728365
clusters = [[8240,8323,8256,8273,8333,8306,8270,8324,8327,8249,8272,8283,8277,8296,8331,8251,8259,8305,8303,8334,8291,8310],[8244,8312,8332,8262,8330,8281,8292,8274,8290,8301,8336,8314,8261,8316,8245,8280,8307,8268,8308,8300,8297,8275,8328]]
theta = [[1.753809,0.984381,0.000000,0.072428,0.072428,0.000000,0.000000,0.000000,0.000000,0.206246,0.000000,0.000000,0.016961,0.016961],[1.543127,0.000000,0.000000,0.031443,0.031443,0.000000,0.000000,0.984381,0.000000,0.161637,0.000000,0.000000,0.015213,0.015213]]
alpha = [1.387306,1.253639]
runtime = 1.800000
