seed = 0
ll = -243.735306
loss_zeroone = 0.263265
loss_symmetric = 0.194046
fscore = 0.467716
clusters = [[8240,8323,8256,8273,8333,8306,8270,8324,8327,8249,8272,8283,8277,8296,8331,8242,8244,8312,8332,8262,8281,8292,8274,8290,8336,8314,8280,8307,8267,8251,8305,8303,8317,8250,8302,8311,8310,8308,8297,8279,8318,8299,8275,8329,8289,8285,8320,8309],[8273,8333,8306,8270,8324,8327,8249,8272,8283,8331,8244,8312,8330,8281,8292,8301,8314,8261,8316,8245,8280,8267,8268,8255,8298,8248,8257,8251,8259,8305,8303,8334,8291,8302,8253,8310,8266,8300,8276,8265,8269,8326,8279,8299,8320,8309],[8256,8331,8242,8244,8312,8332,8262,8330,8281,8292,8274,8290,8301,8336,8314,8261,8316,8280,8307,8267,8317,8250,8302,8311,8308,8300,8276,8265,8269,8326,8297,8264,8295,8279,8318,8275,8329,8289,8328,8321,8309],[8240,8323,8256,8273,8333,8306,8270,8324,8327,8249,8272,8283,8277,8296,8331,8255,8298,8248,8257,8251,8305,8303,8334,8291,8253,8310,8266,8276,8265,8269,8326,8264,8295,8285,8320,8321],[8240,8323,8273,8270,8327,8272,8277,8296,8244,8312,8332,8262,8281,8292,8274,8290,8301,8336,8314,8261,8316,8245,8280,8307,8268,8255,8298,8248,8257,8251,8259,8266,8300,8276,8265,8269,8326,8297,8279,8299,8275,8328],[8240,8323,8273,8333,8306,8270,8324,8327,8249,8272,8283,8277,8331,8267,8251,8259,8305,8303,8317,8250,8334,8291,8302,8253,8311,8264,8295,8318,8329,8289,8285,8321,8309],[8240,8323,8256,8333,8306,8270,8324,8327,8249,8283,8277,8296,8242,8244,8312,8332,8262,8330,8281,8292,8274,8290,8301,8336,8314,8261,8316,8245,8280,8307,8268,8259,8317,8334,8291,8253,8311,8310,8308,8300,8297,8299,8329,8289,8328],[8324,8249,8283,8331,8244,8312,8332,8262,8330,8274,8290,8301,8336,8261,8245,8280,8307,8268,8255,8298,8248,8257,8303,8291,8266,8308,8297,8264,8295,8318,8275,8285,8320,8328,8321],[8240,8323,8256,8273,8333,8306,8270,8324,8327,8249,8272,8283,8277,8296,8242,8292,8261,8316,8245,8268,8251,8259,8305,8334,8310,8300,8318,8299,8275]]
theta = [[1.199521,0.000000,0.000000,0.006449,0.006449,0.000000,0.000000,0.000000,0.000000,0.124136,0.000000,0.000000,-0.000072,0.981290],[0.953578,0.000000,0.000000,0.000066,0.000066,0.000000,0.000000,0.000000,0.000000,-0.019043,0.000000,0.981257,-0.000073,-0.000073],[1.341399,0.000000,0.000000,0.001130,0.001130,0.000000,0.981257,0.000000,0.000000,0.153931,0.000000,0.000000,-0.000070,-0.000070],[1.290549,0.000000,0.000000,0.000098,0.000098,0.000000,0.981257,0.000000,0.000000,0.066103,0.000000,0.000000,-0.000071,-0.000071],[1.057618,0.000000,0.000000,0.000045,0.000045,0.000000,0.000000,0.981257,0.000000,0.021942,0.000000,0.000000,-0.000073,-0.000073],[1.220340,0.000000,0.000000,-0.000019,-0.000019,0.000000,0.000000,0.000000,0.000000,0.032430,0.000000,0.000000,-0.000072,-0.000072],[1.045350,0.000000,0.000000,0.978327,0.000088,0.000000,0.000000,0.000000,0.000000,0.136932,0.000000,0.000000,-0.000073,-0.000073],[1.087358,0.000000,0.981257,0.008652,0.008652,0.000000,0.000000,0.000000,0.000000,0.031457,0.000000,0.000000,-0.000072,-0.000072],[1.157704,0.000000,0.000000,-0.000077,-0.000077,0.000000,0.000000,0.000000,0.000000,0.105793,0.000000,0.981257,-0.000072,-0.000072]]
alpha = [1.063621,0.940363,1.145129,1.112607,0.988600,1.072391,0.982034,1.003399,1.040088]
runtime = 7.700000
