seed = 0
ll = -337.551941
loss_zeroone = 0.267347
loss_symmetric = 0.249545
fscore = 0.437524
clusters = [[8240,8323,8256,8273,8333,8306,8270,8324,8327,8249,8272,8283,8277,8296,8242,8244,8312,8332,8262,8281,8292,8274,8290,8336,8314,8280,8307,8251,8259,8305,8334,8253,8310,8308,8297,8279,8299,8328],[8240,8323,8256,8273,8333,8306,8270,8324,8327,8249,8272,8283,8277,8331,8267,8251,8259,8305,8303,8291,8302,8310,8276,8265,8269,8326,8318,8285,8320,8309],[8244,8312,8332,8262,8330,8281,8292,8274,8290,8301,8336,8314,8261,8316,8245,8280,8307,8268,8303,8308,8300,8297,8279,8275,8285,8320,8328],[8240,8323,8273,8333,8306,8270,8324,8327,8249,8272,8283,8277,8296,8331,8261,8316,8245,8268,8251,8305,8303,8317,8250,8334,8291,8311,8300,8299,8329,8289],[8331,8244,8312,8332,8262,8330,8292,8274,8290,8301,8336,8261,8316,8280,8307,8267,8255,8298,8248,8257,8317,8250,8302,8311,8266,8300,8276,8265,8269,8326,8297,8264,8295,8318,8275,8329,8289,8321,8309]]
theta = [[1.321514,0.000000,0.000000,0.029398,0.029398,0.000000,0.000000,0.000000,0.000000,0.148579,0.000000,0.000000,0.000046,0.986822],[1.288296,0.000000,0.000000,-0.000055,-0.000055,0.000000,0.000000,0.000000,0.000000,0.136881,0.000000,0.985422,0.000037,0.000037],[1.257159,0.000000,0.000000,0.031390,0.031390,0.000000,0.985422,0.000000,0.000000,0.135671,0.000000,0.000000,0.000028,0.000028],[1.228958,0.000000,0.000000,-0.000024,-0.000024,0.000000,0.985422,0.000000,0.000000,0.070128,0.000000,0.000000,0.000005,0.000005],[1.095604,0.000000,0.000000,-0.010114,-0.010114,0.000000,0.000000,0.985422,0.000000,0.004252,0.000000,0.000000,-0.000043,-0.000043]]
alpha = [1.077677,1.055611,1.038605,1.022731,0.955252]
runtime = 4.320000
