seed = 1
ll = -2254.011963
loss_zeroone = 0.100897
loss_symmetric = 0.152609
fscore = 0.795539
clusters = [[8555,8586,8630,8615,8770,8631,8726,8623,8564,8676,8574,8746,8587,8663,8614,8651,8645,8682,8656,8562,8589,8720,8717,8697,8763,8723,8566,8653,8563,8657,8636,8692,8687,8662,8681,8672],[8554,8732,8643,8751,8561,8729,8721,8718,8738,8598,8567,8588,8680,8650,8602,8558,8600,8632,8754,8690,8605,8617,8580,8775,8611,8699,8671,8742,8665,8748,8760,8731,8759,8730,8735,8771,8583,8579,8711,8655,8560,8654,8624,8695]]
theta = [[1.324174,-0.010506,0.067829,0.160840,0.160840,0.000000,0.029271,0.074554,0.077717,0.019417,0.019417,0.108631,0.000000,0.000000,0.064896,0.064896,0.095691,0.095691,-0.003140,-0.003140,0.002545,0.002545,0.000000,0.000000,0.000000,0.312334,-0.004745,0.069960,0.010407,0.010407,0.000000,0.000000,-0.006097,0.000000,0.000000,0.000000,0.000000,0.000000,0.000000,0.000000,0.000000,0.000000,0.000000,0.000000,0.000000,0.000000,0.998192,-0.002441,-0.002441],[1.431055,-0.011039,0.075814,0.059751,0.059751,0.000000,-0.013581,-0.011378,0.144604,0.019859,0.019859,0.130114,0.000000,0.000000,0.040619,0.040619,0.168363,0.168363,0.016364,0.016364,0.113735,0.113735,0.000000,0.000000,0.000000,0.117153,0.021784,0.163329,0.000015,0.000015,0.000000,0.000000,0.012656,0.000000,0.000000,0.000000,0.000000,0.998192,0.000000,0.000000,0.000000,0.000000,0.000000,0.000000,0.000000,0.000000,0.000000,-0.002882,-0.002882]]
alpha = [1.278764,1.323925]
runtime = 19.420000
