seed = 1
ll = -3120.009766
loss_zeroone = 0.183857
loss_symmetric = 0.291139
fscore = 0.589286
clusters = [[8554,8732,8643,8751,8561,8729,8721,8718,8738,8598,8588,8650,8602,8558,8632,8754,8690,8605,8617,8580,8611,8699,8671,8742,8665,8748,8760,8731,8759,8730,8735,8579,8655]]
theta = [[1.603843,0.030275,0.140451,0.078693,0.078693,0.000000,-0.106614,-0.130293,0.148619,0.063321,0.063321,0.136870,0.000000,0.000000,-0.002501,-0.002501,0.197354,0.197354,0.009456,0.009456,-0.013930,-0.013930,0.000000,0.000000,0.000000,0.256236,-0.009538,0.037608,-0.021869,-0.021869,0.000000,0.000000,-0.007444,0.000000,0.000000,0.000000,0.000000,0.000000,0.000000,0.000000,0.000000,0.000000,0.000000,0.000000,0.000000,0.000000,0.997991,0.064182,0.064182]]
alpha = [1.832351]
runtime = 10.490000
