seed = 3
ll = -1774.578247
loss_zeroone = 0.279148
loss_symmetric = 0.217850
fscore = 0.423910
clusters = [[8554,8732,8643,8751,8561,8729,8721,8718,8738,8598,8567,8588,8680,8650,8602,8558,8600,8632,8754,8690,8605,8617,8580,8611,8699,8671,8742,8665,8748,8760,8731,8759,8730,8735,8771,8583,8579,8711,8655,8560,8654,8624],[8554,8643,8718,8738,8567,8588,8650,8602,8558,8600,8754,8690,8617,8580,8775,8611,8671,8665,8748,8731,8555,8759,8730,8586,8630,8615,8770,8631,8726,8623,8564,8676,8574,8746,8587,8663,8614,8735,8704,8771,8579,8711,8569,8651,8645,8682,8656,8562,8589,8720,8717,8697,8763,8723,8653,8563,8657,8664,8568,8707,8758,8636,8692,8624,8687,8633,8584,8766,8591,8776,8618,8662,8681,8724,8685,8745,8637,8695,8661,8675,8607,8647,8640,8756,8612,8686,8768,8696,8767],[8554,8732,8643,8751,8561,8729,8721,8718,8738,8598,8588,8650,8602,8632,8754,8690,8605,8617,8580,8775,8611,8699,8671,8742,8748,8760,8731,8730,8641,8557,8725,8744,8655,8668,8753,8560,8707,8722,8573,8709,8570,8667,8634,8658,8714,8694,8608,8621,8582,8683,8616,8740,8610,8678,8706,8593,8649,8764,8601,8685,8745,8737,8728,8599,8712,8597,8695,8639,8609,8741,8647,8708,8674,8696,8727,8769,8705,8734,8755,8710,8767,8698,8719,8702],[8751,8561,8721,8680,8699,8742,8555,8586,8630,8615,8770,8631,8726,8623,8564,8676,8574,8746,8587,8572,8556,8663,8614,8677,8622,8668,8559,8585,8576,8651,8645,8682,8656,8654,8562,8589,8720,8717,8697,8763,8723,8566,8653,8563,8657,8636,8692,8687,8627,8577,8628,8670,8688,8669,8575,8772,8596,8581,8736,8635,8694,8608,8621,8582,8750,8762,8713,8703,8620,8648,8642,8701,8716,8774,8619,8683,8616,8740,8610,8678,8684,8625,8743,8613,8662,8681,8672,8673,8708]]
theta = [[1.310730,-0.045056,0.085827,0.181453,0.181453,0.000000,0.003880,0.029697,0.077037,-0.000005,-0.000005,0.042908,0.000000,0.000000,0.118735,0.118735,1.012763,0.012782,0.023037,0.023037,0.109781,0.109781,0.000000,0.000000,0.000000,0.122968,0.021108,0.141926,0.013876,0.013876,0.000000,0.000000,0.027781,0.000000,0.000000,0.000000,0.000000,0.000000,0.000000,0.000000,0.000000,0.000000,0.000000,0.000000,0.000000,0.000000,0.000000,-0.070497,-0.070497],[1.124833,-0.038440,0.056598,-0.088859,0.899096,0.000000,-0.011805,0.058294,0.069780,0.000439,0.000439,0.053806,0.000000,0.000000,0.050938,0.050938,0.088875,0.088875,-0.003195,-0.003195,0.013149,0.013149,0.000000,0.000000,0.000000,0.208761,0.031538,0.156932,0.010077,0.010077,0.000000,0.000000,-0.004407,0.000000,0.000000,0.000000,0.000000,0.000000,0.000000,0.000000,0.000000,0.000000,0.000000,0.000000,0.000000,0.000000,0.000000,-0.066993,-0.066993],[1.149399,-0.038274,0.027099,0.162138,0.162138,0.000000,0.002858,0.026576,0.041899,-0.002923,-0.002923,0.117924,0.000000,0.000000,0.027470,0.027470,0.047943,0.047943,0.010683,0.010683,0.060969,0.060969,0.000000,0.000000,0.000000,0.088178,0.949488,0.035678,0.011902,0.011902,0.000000,0.000000,0.011430,0.000000,0.000000,0.000000,0.000000,0.000000,0.000000,0.000000,0.000000,0.000000,0.000000,0.000000,0.000000,0.000000,0.000000,-0.064824,-0.064824],[1.246033,0.013370,0.025566,0.152938,0.152938,0.000000,0.057975,0.096732,0.059924,0.994518,0.000007,0.046453,0.000000,0.000000,0.080539,0.080539,0.027019,0.027019,-0.003428,-0.003428,0.029967,0.029967,0.000000,0.000000,0.000000,0.261442,0.021914,-0.035686,-0.000018,-0.000018,0.000000,0.000000,-0.009275,0.000000,0.000000,0.000000,0.000000,0.000000,0.000000,0.000000,0.000000,0.000000,0.000000,0.000000,0.000000,0.000000,0.000000,0.031668,0.031668]]
alpha = [1.231888,1.062485,1.045532,1.117903]
runtime = 107.750000
