seed = 3
ll = -2042.428101
loss_zeroone = 0.170404
loss_symmetric = 0.200119
fscore = 0.594638
clusters = [[8554,8732,8643,8751,8561,8729,8721,8718,8738,8598,8567,8588,8650,8602,8558,8600,8632,8754,8690,8605,8617,8580,8611,8699,8671,8742,8665,8748,8760,8731,8759,8730,8735,8771,8583,8579,8711,8655,8560,8624],[8555,8586,8630,8615,8770,8631,8726,8623,8564,8676,8574,8746,8587,8663,8614,8651,8645,8682,8656,8562,8589,8720,8717,8697,8763,8723,8566,8653,8563,8657,8636,8692,8687,8662,8681,8672],[8554,8643,8751,8561,8721,8718,8738,8598,8588,8680,8650,8602,8558,8632,8754,8690,8605,8617,8580,8775,8611,8699,8671,8742,8665,8748,8760,8731,8555,8730,8586,8770,8631,8564,8676,8574,8746,8587,8614,8704,8569,8655,8668,8753,8654,8589,8720,8717,8763,8723,8664,8707,8758,8636,8692,8694,8608,8621,8582,8683,8616,8740,8610,8678,8673,8724,8601,8685,8745,8599,8695,8661,8647,8708,8612,8768,8696,8769,8767]]
theta = [[1.248536,-0.035097,0.030678,0.074466,0.074466,0.000000,-0.006897,-0.010037,0.081583,0.013181,0.013181,0.064073,0.000000,0.000000,0.016627,0.016627,1.010280,0.010300,0.008026,0.008026,0.080415,0.080415,0.000000,0.000000,0.000000,0.102305,0.000263,0.132434,-0.000849,-0.000849,0.000000,0.000000,-0.000093,0.000000,0.000000,0.000000,0.000000,0.000000,0.000000,0.000000,0.000000,0.000000,0.000000,0.000000,0.000000,0.000000,0.000000,-0.032616,-0.032616],[1.186205,-0.036176,0.080248,0.061717,1.061697,0.000000,0.011901,0.067565,0.043211,0.013512,0.013512,0.049049,0.000000,0.000000,0.114398,0.114398,0.026394,0.026394,0.016157,0.016157,0.030462,0.030462,0.000000,0.000000,0.000000,0.257541,0.039355,0.069003,0.013728,0.013728,0.000000,0.000000,0.001484,0.000000,0.000000,0.000000,0.000000,0.000000,0.000000,0.000000,0.000000,0.000000,0.000000,0.000000,0.000000,0.000000,0.000000,-0.033688,-0.033688],[1.049365,-0.032195,0.014802,-0.012090,-0.012090,0.000000,-0.037825,-0.045010,0.057395,0.012437,0.012437,0.042992,0.000000,0.000000,-0.007198,-0.007198,0.005107,0.005107,-0.003596,-0.003596,-0.003706,-0.003706,0.000000,0.000000,0.000000,0.046399,0.955390,0.028109,-0.000609,-0.000609,0.000000,0.000000,0.000015,0.000000,0.000000,0.000000,0.000000,0.000000,0.000000,0.000000,0.000000,0.000000,0.000000,0.000000,0.000000,0.000000,0.000000,-0.029660,-0.029660]]
alpha = [1.171025,1.204065,1.029889]
runtime = 234.280579
