seed = 1
ll = -2387.194824
loss_zeroone = 0.258929
loss_symmetric = 0.242949
fscore = 0.688172
clusters = [[8812,8835,8790,8810,8792,8870,8865,8861,8833,8889,8837,8831,8843,8853,8854,8868,8858,8881,8815,8799,8851,8848,8852,8803,8823,8820,8862,8834,8840,8809,8804,8866,8844]]
theta = [[1.207130,0.000000,0.000000,0.084121,0.000000,0.993386,-0.023748,0.181491,0.000000,0.000000]]
alpha = [1.532415]
runtime = 2.740000
