seed = 1
ll = -1755.817627
loss_zeroone = 0.296875
loss_symmetric = 0.227725
fscore = 0.690881
clusters = [[8812,8835,8780,8790,8810,8792,8870,8865,8861,8833,8889,8837,8831,8843,8856,8797,8783,8827,8853,8854,8808,8793,8867,8882,8801,8794,8868,8787,8858,8887,8855,8791,8881,8815,8789,8807,8841,8799,8851,8848,8852,8803,8886,8823,8820,8862,8834,8857,8840,8809,8804,8846,8878,8874,8832,8845,8819,8847,8844],[8812,8835,8790,8810,8792,8870,8865,8861,8833,8889,8837,8831,8802,8843,8853,8854,8814,8877,8793,8794,8868,8858,8796,8881,8815,8798,8811,8807,8836,8799,8851,8848,8852,8803,8886,8823,8820,8862,8834,8857,8840,8809,8804,8866,8842,8816,8878,8874,8832,8845,8847,8844],[8812,8818,8828,8888,8849,8883,8873,8780,8790,8810,8792,8870,8861,8833,8889,8837,8831,8802,8843,8782,8783,8808,8814,8839,8867,8863,8882,8801,8868,8858,8887,8796,8881,8788,8798,8813,8829,8811,8784,8880,8884,8836,8841,8799,8851,8848,8852,8823,8834,8809,8804,8866,8846,8859,8876,8819,8800,8821,8871,8838],[8778,8795,8781,8817,8786,8869,8864,8779,8818,8828,8888,8849,8873,8802,8797,8783,8827,8853,8808,8814,8839,8877,8793,8863,8882,8801,8794,8787,8887,8796,8789,8798,8813,8811,8784,8880,8830,8825,8807,8884,8803,8886,8840,8859,8876,8816,8826,8800,8875]]
theta = [[1.196023,0.000000,0.000000,0.027990,0.000000,0.982946,-0.079172,-0.080666,0.000000,0.000000],[1.128817,0.000000,0.000000,0.024233,0.000000,0.000000,-0.035550,-0.087214,0.982946,0.000000],[0.839932,0.000000,0.982946,0.041728,0.000000,0.000000,-0.007921,0.280895,0.000000,0.000000],[1.119202,0.000000,0.000000,0.030454,0.000000,0.000000,-0.038447,0.368640,0.000000,0.000000]]
alpha = [1.103868,1.046404,0.996007,1.159075]
runtime = 16.959999
