seed = 1
ll = -1456.757690
loss_zeroone = 0.378968
loss_symmetric = 0.305027
fscore = 0.471714
clusters = [[8812,8818,8828,8888,8849,8873,8835,8780,8790,8810,8792,8870,8861,8833,8889,8831,8802,8843,8782,8856,8797,8783,8827,8853,8854,8808,8814,8839,8877,8793,8867,8863,8882,8801,8794,8868,8787,8858,8887,8796,8855,8791,8881,8788,8815,8789,8798,8813,8829,8811,8784,8880,8825,8807,8884,8841,8799,8851,8848,8852,8803,8886,8820,8834,8857,8840,8809,8804,8866,8859,8876,8816,8878,8845,8800,8806],[8795,8786,8812,8864,8835,8780,8790,8810,8792,8870,8865,8861,8833,8889,8837,8831,8802,8843,8872,8797,8783,8827,8853,8854,8808,8877,8793,8867,8882,8801,8794,8868,8787,8858,8887,8796,8791,8881,8815,8789,8798,8807,8799,8851,8848,8852,8803,8886,8823,8820,8862,8834,8857,8840,8809,8804,8866,8846,8842,8824,8816,8878,8805,8874,8832,8845,8819,8847,8844],[8779,8818,8828,8888,8883,8873,8835,8790,8810,8792,8870,8865,8861,8833,8837,8831,8802,8843,8782,8783,8827,8853,8854,8808,8814,8839,8793,8867,8863,8801,8794,8868,8858,8796,8881,8789,8798,8813,8811,8784,8807,8884,8836,8841,8799,8851,8848,8852,8803,8886,8823,8862,8834,8857,8840,8809,8804,8866,8846,8859,8876,8816,8826,8832,8845,8819,8821,8847,8871,8844],[8778,8795,8781,8817,8786,8869,8812,8864,8828,8888,8849,8873,8835,8790,8870,8889,8831,8802,8782,8872,8856,8797,8783,8827,8853,8854,8808,8814,8839,8877,8863,8882,8801,8794,8787,8858,8887,8855,8791,8788,8815,8789,8798,8813,8829,8811,8880,8807,8884,8836,8841,8852,8803,8886,8823,8820,8857,8809,8816,8819,8800,8821,8847,8871,8838],[8778,8795,8781,8817,8786,8869,8812,8864,8779,8818,8828,8888,8849,8883,8873,8835,8792,8833,8889,8837,8802,8843,8782,8853,8814,8839,8793,8794,8868,8796,8798,8813,8829,8811,8880,8830,8825,8807,8799,8851,8852,8886,8823,8820,8862,8834,8857,8840,8846,8859,8876,8816,8878,8826,8874,8832,8800,8875],[8812,8849,8790,8792,8865,8861,8833,8889,8837,8831,8843,8856,8783,8827,8853,8808,8814,8877,8793,8863,8882,8801,8794,8868,8787,8858,8887,8796,8881,8788,8815,8789,8798,8813,8829,8811,8784,8830,8807,8884,8836,8799,8851,8848,8803,8886,8823,8820,8862,8834,8840,8809,8804,8842,8824,8805,8874,8845,8821,8871,8838,8844],[8778,8781,8817,8869,8812,8835,8780,8790,8810,8792,8870,8865,8861,8833,8889,8837,8831,8843,8856,8797,8854,8867,8882,8868,8858,8887,8855,8791,8881,8815,8836,8841,8799,8851,8848,8852,8803,8823,8820,8862,8834,8840,8809,8804,8866,8846,8878,8874,8832,8819,8847,8875,8844],[8778,8795,8781,8817,8786,8869,8812,8864,8779,8818,8828,8888,8849,8883,8873,8780,8810,8870,8865,8861,8833,8837,8831,8802,8843,8782,8872,8814,8839,8867,8863,8881,8788,8829,8784,8880,8830,8825,8884,8836,8841,8851,8848,8862,8804,8866,8859,8842,8876,8826,8874,8832,8845,8819,8800,8847,8838,8844,8806],[8778,8795,8781,8817,8786,8869,8864,8779,8818,8828,8888,8849,8883,8873,8889,8802,8872,8797,8783,8853,8808,8814,8839,8877,8793,8863,8882,8801,8787,8887,8796,8855,8791,8798,8813,8811,8784,8880,8830,8825,8884,8836,8846,8859,8842,8876,8824,8878,8805,8826,8800,8821,8871,8838,8875,8806]]
theta = [[0.951263,0.000000,0.000000,-0.009267,0.000000,0.988046,0.028242,-0.009552,0.000000,0.000000],[1.072820,0.000000,0.000000,-0.027709,0.000000,0.000000,0.016819,-0.033464,0.988046,0.000000],[0.836432,0.000000,0.988046,0.014938,0.000000,0.000000,-0.071254,0.051268,0.000000,0.000000],[0.778457,0.000000,0.000000,-0.011936,0.000000,0.000000,-0.106951,-0.066131,0.000000,0.000000],[0.902626,0.988046,0.000000,0.032782,0.000000,0.000000,-0.007869,-0.070369,0.000000,0.000000],[0.906745,0.000000,0.000000,-0.013874,0.988046,0.000000,0.079268,0.010193,0.000000,0.000000],[1.292312,0.000000,0.000000,0.963353,0.000000,0.000000,-0.038431,0.169749,0.000000,0.000000],[0.980306,0.000000,0.000000,0.076790,0.000000,0.988046,-0.088437,0.051836,0.000000,0.000000],[1.012151,0.000000,0.000000,0.063500,0.000000,0.000000,-0.091481,0.764075,0.000000,0.000000]]
alpha = [0.967793,1.026810,0.916847,0.896853,0.947760,0.948795,1.134863,0.984832,0.898790]
runtime = 39.490002
