seed = 4
ll = -1687.868164
loss_zeroone = 0.330357
loss_symmetric = 0.235814
fscore = 0.608962
clusters = [[8812,8835,8780,8790,8810,8792,8870,8865,8861,8833,8889,8837,8831,8843,8783,8827,8853,8854,8808,8793,8801,8794,8868,8858,8881,8815,8789,8807,8836,8799,8851,8848,8852,8803,8886,8823,8820,8862,8834,8857,8840,8809,8804,8866,8874,8832,8845,8819,8847,8844],[8812,8835,8780,8790,8810,8792,8870,8861,8833,8889,8837,8831,8843,8856,8797,8853,8854,8877,8867,8882,8794,8868,8858,8887,8855,8791,8881,8815,8798,8811,8807,8841,8799,8851,8848,8852,8803,8886,8823,8820,8862,8834,8840,8809,8804,8866,8846,8816,8878,8874,8847,8844],[8779,8818,8828,8888,8849,8883,8873,8889,8802,8797,8783,8827,8853,8808,8814,8839,8877,8793,8863,8882,8801,8794,8787,8887,8796,8791,8788,8789,8798,8813,8829,8811,8880,8825,8807,8884,8803,8886,8820,8857,8859,8842,8876,8816,8878,8826,8800,8821,8871],[8778,8795,8781,8817,8786,8869,8812,8864,8828,8888,8849,8873,8790,8810,8792,8870,8861,8833,8889,8831,8802,8843,8872,8783,8853,8808,8814,8839,8867,8863,8882,8801,8868,8787,8858,8887,8796,8881,8815,8798,8813,8811,8784,8880,8830,8825,8884,8836,8799,8851,8852,8823,8840,8809,8804,8846,8859,8876,8878,8819,8800,8875,8806],[8778,8795,8781,8817,8786,8869,8812,8864,8779,8818,8828,8888,8849,8873,8835,8810,8870,8865,8833,8837,8831,8802,8843,8782,8854,8814,8839,8793,8867,8863,8796,8881,8813,8829,8784,8880,8830,8884,8836,8841,8851,8848,8803,8862,8834,8804,8866,8846,8876,8824,8805,8826,8874,8832,8845,8819,8800,8838,8844]]
theta = [[1.245411,0.000000,0.000000,0.041349,0.000000,0.000000,0.699873,0.027550,0.000000,0.000000],[1.125844,0.000000,0.000000,0.032833,0.982468,0.000000,-0.125911,0.085131,0.000000,0.000000],[1.162537,0.000000,0.000000,0.062474,0.000000,0.000000,0.098643,0.303710,0.000000,0.000000],[0.827498,0.000000,0.000000,-0.061121,0.000000,0.000000,-0.010891,0.248923,0.000000,0.000000],[0.763471,0.000000,0.000000,0.020247,0.000000,0.000000,0.729415,0.215790,0.000000,0.000000]]
alpha = [0.861781,0.985358,1.041952,0.887321,0.687379]
runtime = 22.750000
