seed = 2
ll = -1891.544312
loss_zeroone = 0.247024
loss_symmetric = 0.216106
fscore = 0.699799
clusters = [[8812,8835,8780,8790,8810,8792,8870,8865,8861,8833,8889,8837,8831,8843,8783,8827,8853,8854,8808,8877,8793,8867,8882,8801,8794,8868,8858,8887,8791,8881,8815,8789,8798,8811,8807,8836,8799,8851,8848,8852,8803,8886,8823,8820,8862,8834,8840,8809,8804,8866,8846,8816,8878,8874,8832,8819,8844],[8778,8795,8781,8817,8869,8812,8864,8828,8888,8849,8873,8835,8790,8810,8792,8870,8861,8833,8889,8837,8831,8802,8843,8782,8856,8797,8854,8814,8839,8863,8868,8858,8796,8881,8815,8813,8880,8830,8884,8841,8799,8851,8848,8852,8803,8823,8820,8862,8834,8857,8840,8809,8804,8866,8859,8842,8876,8845,8800,8847,8844],[8786,8779,8818,8828,8888,8849,8883,8873,8802,8783,8827,8853,8808,8814,8839,8877,8793,8863,8882,8801,8787,8887,8796,8789,8798,8813,8829,8811,8784,8880,8825,8884,8836,8859,8876,8826,8800]]
theta = [[1.356461,0.000000,0.000000,0.077538,0.000000,0.989082,0.052691,0.007664,0.000000,0.000000],[0.897631,0.000000,0.000000,0.008925,0.989082,0.000000,0.044297,0.116332,0.000000,0.000000],[1.065368,0.000000,0.000000,0.991425,0.000000,0.000000,-0.238690,0.430773,0.000000,0.000000]]
alpha = [1.181860,0.945247,1.156963]
runtime = 32.354252
