seed = 1
ll = -1536.297852
loss_zeroone = 0.336735
loss_symmetric = 0.263793
fscore = 0.528355
clusters = [[8812,8835,8780,8790,8810,8792,8870,8865,8861,8833,8889,8837,8831,8843,8856,8797,8783,8827,8853,8854,8808,8814,8877,8793,8882,8801,8794,8868,8787,8858,8887,8796,8855,8791,8881,8815,8789,8798,8811,8807,8884,8799,8851,8848,8852,8803,8886,8823,8820,8834,8857,8840,8809,8804,8846,8842,8816,8878,8832,8845,8844],[8779,8818,8828,8888,8849,8883,8873,8835,8780,8792,8870,8865,8861,8833,8889,8837,8831,8802,8843,8853,8854,8814,8839,8793,8867,8863,8801,8794,8868,8796,8881,8798,8813,8829,8811,8880,8825,8807,8884,8836,8799,8851,8848,8852,8886,8823,8862,8834,8857,8840,8804,8866,8846,8876,8824,8816,8878,8805,8826,8874,8832,8819,8800,8821,8847,8871,8838,8844],[8812,8835,8790,8810,8792,8870,8861,8833,8889,8837,8831,8802,8843,8853,8808,8867,8882,8794,8868,8858,8881,8798,8813,8807,8836,8841,8799,8851,8848,8852,8803,8886,8823,8820,8862,8834,8857,8840,8809,8804,8866,8846,8816,8878,8874,8845,8819,8847,8875,8844],[8778,8795,8781,8817,8786,8869,8812,8864,8779,8818,8828,8888,8849,8883,8873,8802,8782,8872,8783,8827,8853,8808,8814,8839,8877,8863,8882,8801,8794,8787,8887,8796,8855,8788,8789,8798,8813,8829,8811,8784,8880,8830,8825,8884,8836,8859,8876,8826,8800,8821,8871,8838,8875,8806],[8812,8779,8818,8828,8888,8849,8873,8790,8810,8870,8865,8833,8889,8837,8831,8802,8843,8782,8856,8797,8783,8827,8854,8808,8814,8839,8877,8793,8867,8863,8882,8801,8868,8858,8887,8796,8881,8815,8789,8813,8829,8811,8784,8880,8884,8836,8841,8851,8848,8803,8823,8820,8862,8840,8809,8804,8866,8846,8859,8842,8876,8826,8874,8819,8800,8847],[8778,8795,8781,8817,8786,8869,8812,8864,8818,8828,8888,8849,8873,8835,8790,8792,8889,8802,8843,8856,8797,8783,8853,8814,8839,8793,8863,8882,8801,8794,8868,8787,8858,8796,8791,8788,8815,8798,8784,8880,8830,8825,8807,8841,8799,8852,8803,8886,8823,8820,8834,8857,8840,8809,8859,8876,8824,8878,8805,8800],[8778,8795,8781,8817,8786,8869,8812,8864,8835,8780,8790,8810,8792,8870,8865,8861,8833,8837,8831,8843,8872,8854,8867,8858,8887,8791,8881,8815,8836,8841,8799,8851,8848,8852,8803,8862,8834,8809,8804,8866,8874,8832,8845,8819,8847,8844]]
theta = [[1.254771,0.000000,0.000000,-0.042862,0.000000,0.988843,0.086270,-0.162252,0.000000,0.000000],[0.757341,0.000000,0.000000,0.051963,0.000000,0.000000,-0.062668,-0.033129,0.988843,0.000000],[0.937598,0.000000,0.988843,-0.057841,0.000000,0.000000,-0.022151,0.000928,0.000000,0.000000],[1.147858,0.000000,0.000000,0.046208,0.000000,0.000000,-0.015212,0.269720,0.000000,0.000000],[0.818179,0.988843,0.000000,0.051753,0.000000,0.000000,-0.001827,0.132841,0.000000,0.000000],[0.787296,0.000000,0.000000,0.011324,0.988843,0.000000,0.024712,0.029460,0.000000,0.000000],[1.091771,0.000000,0.000000,0.954369,0.000000,0.000000,-0.069946,0.132916,0.000000,0.000000]]
alpha = [1.015794,0.801668,0.877566,1.017163,0.847818,0.820163,0.931581]
runtime = 25.400000
