seed = 1
ll = -2021.721069
loss_zeroone = 0.263393
loss_symmetric = 0.236171
fscore = 0.754809
clusters = [[8812,8835,8780,8790,8810,8792,8870,8865,8861,8833,8889,8837,8831,8843,8854,8867,8868,8858,8881,8815,8836,8841,8799,8851,8848,8852,8803,8823,8820,8862,8834,8840,8809,8804,8866,8874,8832,8845,8819,8847,8844],[8812,8818,8828,8888,8849,8873,8790,8792,8833,8889,8831,8802,8843,8797,8783,8827,8853,8808,8814,8839,8877,8793,8863,8882,8801,8794,8868,8787,8858,8887,8796,8791,8881,8789,8798,8813,8811,8784,8880,8807,8884,8799,8851,8852,8803,8886,8823,8820,8857,8840,8809,8804,8846,8859,8876,8816,8878,8800]]
theta = [[1.319295,0.000000,0.000000,0.055080,0.000000,0.990676,-0.120874,0.087585,0.000000,0.000000],[1.029248,0.000000,0.000000,-0.000027,0.000000,0.000000,0.125417,0.032829,0.990676,0.000000]]
alpha = [1.429030,1.230001]
runtime = 13.510000
