seed = 4
ll = -520.149536
loss_zeroone = 0.321053
loss_symmetric = 0.279823
fscore = 0.395921
clusters = [[9106,9195,9149,9151,9157,9138,9152,9194,9141,9120,9121,9175,9182,9114,9190,9160,9189,9107,9133,9166,9162,9181,9144,9122,9158,9129,9143,9154],[9104,9105,9184,9197,9172,9169,9180,9193,9142,9137,9191,9179,9127,9106,9195,9149,9151,9157,9152,9194,9141,9121,9175,9182,9114,9190,9160,9189,9107,9162,9181,9144,9122,9158,9108,9183,9111,9171,9153,9147,9128,9187,9154,9176,9186,9131,9146],[9106,9195,9151,9157,9138,9152,9194,9141,9120,9121,9175,9182,9114,9190,9160,9189,9107,9133,9166,9181,9144,9122,9129,9139,9168,9110,9117,9126,9136,9116,9185,9159,9177,9111,9174,9165,9112,9171,9153,9147,9128,9187,9119,9124,9178,9170,9198,9123,9134,9163,9164,9188],[9105,9184,9197,9172,9169,9180,9193,9137,9191,9179,9109,9139,9168,9192,9110,9148,9117,9126,9136,9116,9185,9159,9177,9174,9165,9112,9115,9156,9118,9145,9143,9196,9125,9170,9123,9150,9132,9134,9163,9161,9186,9131,9146]]
theta = [[1.647126,0.574956,-0.005133,0.000000,-0.014217,-0.014217,0.171423,0.000000,0.000000,-0.000046,-0.000046,0.000000,0.000000,0.000000,0.000000,0.000000,0.000000,0.236293,0.352403,0.352403,0.000000,0.000000,0.000000,0.119919,0.000000,-0.012531,0.053599,0.000000,0.000000,0.000000,0.000000,0.041338,0.029571,0.078782,0.000000],[1.256203,1.324708,0.161636,0.000000,-0.070182,-0.070182,-0.044353,0.000000,0.000000,-0.016835,-0.016835,0.000000,0.000000,0.000000,0.000000,0.000000,0.000000,-0.000063,-0.155163,-0.155163,0.000000,0.000000,0.000000,-0.080428,0.000000,0.082469,0.048674,0.000000,0.000000,0.000000,0.000000,0.056103,0.042141,0.025402,0.000000],[0.962338,-0.330765,0.028952,0.000000,0.012699,0.012699,0.120141,0.000000,0.000000,0.090997,0.090997,0.970083,0.000000,0.000000,0.000000,0.000000,0.000000,-0.010035,0.091783,0.091783,0.000000,0.000000,0.000000,0.391692,0.000000,0.000786,0.018822,0.000000,0.000000,0.000000,0.000000,0.005342,0.011312,-0.017259,0.000000],[1.286399,0.118416,0.311340,0.000000,-0.012860,0.927639,0.083727,0.000000,0.000000,0.172398,0.172398,0.000000,0.000000,0.000000,0.000000,0.000000,0.000000,0.245530,0.140146,0.140146,0.000000,0.000000,0.000000,0.179640,0.000000,0.032278,0.000009,0.000000,0.000000,0.000000,0.000000,0.000099,-0.000105,-0.019226,0.000000]]
alpha = [1.098969,1.041669,1.010780,1.088682]
runtime = 5.810000
