seed = 4
ll = -643.462402
loss_zeroone = 0.336842
loss_symmetric = 0.264398
fscore = 0.403212
clusters = [[9106,9195,9149,9151,9157,9138,9152,9194,9141,9120,9121,9175,9182,9114,9190,9160,9189,9107,9133,9166,9162,9181,9144,9122,9158,9154],[9104,9105,9184,9197,9172,9169,9180,9193,9142,9137,9191,9179,9127,9106,9195,9149,9151,9157,9138,9152,9194,9141,9121,9175,9182,9114,9190,9160,9189,9107,9133,9166,9162,9181,9144,9122,9158,9129,9115,9118,9145,9125,9186,9146],[9105,9184,9197,9172,9169,9180,9193,9137,9191,9139,9168,9110,9148,9117,9126,9136,9116,9185,9159,9177,9174,9165,9112,9143,9196,9170,9123,9134,9163,9164,9176,9186,9131]]
theta = [[1.469761,0.787114,0.072104,0.000000,-0.010869,-0.010869,0.135338,0.000000,0.000000,0.017437,0.017437,0.000000,0.000000,0.000000,0.000000,0.000000,0.000000,0.181693,0.165654,0.165654,0.000000,0.000000,0.000000,0.197048,0.000000,0.052903,0.007317,0.000000,0.000000,0.000000,0.000000,0.091156,0.101635,0.090473,0.000000],[1.028499,0.871167,0.000496,0.000000,-0.007343,-0.007343,0.012199,0.000000,0.000000,-0.018659,-0.018659,0.000000,0.000000,0.000000,0.000000,0.000000,0.000000,0.071950,0.034114,0.034114,0.000000,0.000000,0.000000,-0.018073,0.000000,0.002079,0.006936,0.000000,0.000000,0.000000,0.000000,0.029951,0.038053,0.033460,0.000000],[1.201687,0.120433,0.144180,0.000000,-0.010795,-0.010795,0.097712,0.000000,0.000000,0.057241,0.057241,0.988919,0.000000,0.000000,0.000000,0.000000,0.000000,0.116067,0.097392,0.097392,0.000000,0.000000,0.000000,0.108917,0.000000,0.020273,0.015484,0.000000,0.000000,0.000000,0.000000,-0.004647,-0.020407,-0.064614,0.000000]]
alpha = [1.130699,0.845943,1.105097]
runtime = 9.544688
