seed = 3
ll = -473.732208
loss_zeroone = 0.330526
loss_symmetric = 0.228252
fscore = 0.404082
clusters = [[9104,9105,9184,9197,9172,9169,9180,9193,9137,9191,9179,9127,9106,9195,9149,9151,9157,9138,9152,9194,9141,9120,9121,9175,9182,9114,9190,9160,9189,9107,9133,9166,9162,9181,9144,9122,9158,9129,9115,9156,9118,9145,9154,9125,9150,9132,9176,9186,9131,9146],[9106,9195,9149,9151,9157,9138,9152,9194,9141,9120,9121,9175,9182,9114,9190,9160,9189,9107,9133,9166,9162,9181,9144,9122,9158,9129,9111,9171,9153,9147,9128,9187,9154,9119,9124,9163,9188],[9105,9184,9197,9172,9169,9180,9193,9142,9137,9191,9179,9139,9168,9110,9148,9117,9126,9136,9116,9185,9159,9177,9111,9174,9165,9112,9171,9153,9147,9128,9187,9143,9196,9170,9123,9134,9163,9164,9176,9186,9131,9146],[9106,9195,9149,9151,9157,9138,9152,9194,9141,9121,9175,9182,9114,9190,9160,9189,9107,9133,9166,9181,9144,9122,9109,9139,9192,9110,9148,9117,9126,9136,9116,9185,9159,9177,9174,9165,9112,9143,9196,9178,9170,9198,9134],[9169,9129,9109,9108,9183,9139,9168,9192,9110,9117,9126,9136,9116,9185,9159,9177,9174,9165,9115,9156,9118,9145,9125,9119,9124,9178,9170,9198,9123,9150,9132,9134,9163,9164,9161,9188]]
theta = [[1.394369,0.160139,0.135518,0.000000,0.016602,0.016602,0.035639,0.000000,0.000000,-0.000110,-0.000110,0.000000,0.000000,0.000000,0.000000,0.000000,0.000000,0.089329,0.069461,0.069461,0.000000,0.000000,0.984487,0.031585,0.000000,0.058591,0.010550,0.000000,0.000000,0.000000,0.000000,0.098056,0.109770,0.070610,0.000000],[1.301191,-0.189243,-0.028325,0.984487,0.025996,0.025996,0.158106,0.000000,0.000000,0.000172,0.000172,0.000000,0.000000,0.000000,0.000000,0.000000,0.000000,0.105810,0.191298,0.191298,0.000000,0.000000,0.000000,0.216768,0.000000,-0.025189,0.010448,0.000000,0.000000,0.000000,0.000000,0.001796,0.001203,0.018027,0.000000],[1.097733,0.089421,0.093198,0.000000,0.004723,0.004723,0.130341,0.000000,0.000000,0.036124,0.036124,0.000000,0.000000,0.000000,0.000000,0.000000,0.000000,0.123085,0.039459,0.039459,0.000000,0.000000,0.000000,0.867579,0.000000,0.028495,0.000989,0.000000,0.000000,0.000000,0.000000,-0.000070,-0.016212,-0.006449,0.000000],[0.961834,-0.162181,0.024995,0.000000,0.012691,0.012691,0.018886,0.000000,0.000000,0.027986,0.027986,0.984487,0.000000,0.000000,0.000000,0.000000,0.000000,0.035603,0.115217,0.115217,0.000000,0.000000,0.000000,0.076855,0.000000,-0.049415,-0.017398,0.000000,0.000000,0.000000,0.000000,-0.046146,-0.039570,-0.010787,0.000000],[1.032673,-0.167509,-0.000077,0.000000,0.013477,0.013477,0.080235,0.000000,0.000000,0.055747,0.055747,0.000000,0.000000,0.000000,0.984487,0.000000,0.000000,0.160692,0.099071,0.099071,0.000000,0.000000,0.000000,0.219617,0.000000,0.033648,-0.001654,0.000000,0.000000,0.000000,0.000000,0.008629,0.037448,0.000062,0.000000]]
alpha = [1.144409,1.139135,0.927468,0.932605,0.978706]
runtime = 5.610000
