seed = 0
ll = -828.954895
loss_zeroone = 0.294737
loss_symmetric = 0.259259
fscore = 0.650000
clusters = [[9106,9195,9149,9151,9157,9138,9152,9194,9141,9120,9121,9175,9182,9114,9190,9160,9189,9107,9133,9166,9162,9181,9144,9122,9158,9154]]
theta = [[1.541656,-0.303052,-0.078529,0.000000,0.082944,0.082944,0.049744,0.000000,0.000000,-0.067333,-0.067333,0.000000,0.000000,0.000000,0.000000,0.000000,0.000000,0.104430,0.110073,0.110073,0.000000,0.000000,0.000000,0.279839,0.000000,-0.100286,0.027645,0.000000,0.000000,0.000000,0.000000,-0.008202,0.000191,0.011879,0.000000]]
alpha = [1.843214]
runtime = 0.750000
