seed = 3
ll = -684.403564
loss_zeroone = 0.289474
loss_symmetric = 0.205556
fscore = 0.528986
clusters = [[9106,9195,9149,9151,9157,9138,9152,9194,9141,9120,9121,9175,9182,9114,9190,9160,9189,9107,9133,9166,9162,9181,9144,9122,9158,9129,9154],[9105,9184,9197,9172,9169,9180,9193,9137,9191,9179,9139,9168,9110,9148,9117,9126,9136,9116,9185,9159,9177,9174,9165,9112,9143,9196,9170,9123,9134,9163,9176,9186,9131,9146]]
theta = [[1.772244,-0.205506,0.033769,0.000000,-0.009970,-0.009970,0.141471,0.000000,0.000000,-0.060194,-0.060194,0.000000,0.000000,0.000000,0.000000,0.000000,0.000000,0.232614,0.218152,0.218152,0.000000,0.000000,0.983379,0.241512,0.000000,-0.032913,0.028196,0.000000,0.000000,0.000000,0.000000,0.065030,0.080476,0.104204,0.000000],[1.155734,0.106792,0.117700,0.983379,-0.005344,-0.005344,0.103795,0.000000,0.000000,0.075612,0.075612,0.000000,0.000000,0.000000,0.000000,0.000000,0.000000,0.142488,0.071387,0.071387,0.000000,0.000000,0.000000,0.040852,0.000000,0.101605,-0.000128,0.000000,0.000000,0.000000,0.000000,0.028922,0.022527,-0.028440,0.000000]]
alpha = [1.357742,0.955184]
runtime = 2.740000
