seed = 4
ll = -2381.122314
loss_zeroone = 0.056650
loss_symmetric = 0.056261
fscore = 0.795808
clusters = [[9645,9820,9799,9649,9750,9828,9693,9796,9669,9651,9753,9766,9653,9815,9688,9835,9760,9742,9814,9652,9665,9658,9741,9703,9650],[9828,9646,9769,9686,9734,9802,9781,9719,9810,9778,9668,9785,9773,9777,9690,9724,9676,9833,9712,9782,9827,9751,9710,9758,9713,9743,9765,9747,9749,9775,9744,9800,9681,9720,9840,9841,9731,9739]]
theta = [[1.517038,-0.042847,0.003940,0.000000,0.013147,0.013147,0.130881,0.010532,0.010532,-0.012405,-0.012405,0.158847,-0.000586,-0.000586,-0.059727,-0.059727,0.000000,0.000000,0.000000,0.000000,0.207901,0.000000,0.000000,0.000000,0.000000,0.021462,0.000000,0.000000,0.018296,0.018296,0.016862,1.016838,0.000000,0.000000,0.058209,0.041235,-0.081446,-0.081446,0.000000,0.000000,0.040336,-0.003232,0.000000,0.000000,-0.030613,0.000000,0.048641,0.048641,0.008211,0.008211,-0.078826,-0.078826],[1.361585,-0.062007,-0.002552,0.000000,0.005938,0.005938,0.043827,0.079624,0.079624,0.036513,0.036513,0.042120,-0.000124,-0.000124,-0.057304,-0.057304,0.000000,0.000000,0.000000,0.000000,0.088551,0.000000,0.000000,0.000000,0.000000,0.012906,0.000000,0.000000,0.017631,0.017631,-0.021606,-0.021606,0.000000,0.000000,0.056524,0.040011,-0.076625,-0.076625,0.000000,0.000000,0.039425,-0.002778,0.000000,0.000000,0.963421,0.000000,0.047188,0.047188,0.022903,0.022903,-0.105712,-0.105712]]
alpha = [1.297976,1.177649]
runtime = 31.459999
