seed = 3
ll = -2876.543213
loss_zeroone = 0.024631
loss_symmetric = 0.079748
fscore = 0.897959
clusters = [[9645,9820,9799,9649,9750,9828,9693,9796,9669,9651,9753,9766,9653,9815,9688,9760,9742,9814,9652,9665,9658,9741,9650]]
theta = [[1.664352,0.004126,0.009574,0.998787,0.028749,0.028749,0.212218,0.050469,0.050469,0.079648,0.079648,0.199147,0.047998,0.047998,-0.006072,-0.006072,0.000000,0.000000,0.000000,0.000000,0.234920,0.000000,0.000000,0.000000,0.000000,-0.000287,0.000000,0.000000,0.014800,0.014800,0.069851,0.069851,0.000000,0.000000,0.055357,0.039291,-0.009383,-0.009383,0.000000,0.000000,0.060747,0.026989,0.000000,0.000000,-0.003003,0.000000,0.045775,0.045775,-0.005053,-0.005053,-0.035235,-0.035235]]
alpha = [1.723373]
runtime = 8.190000
