seed = 0
ll = -1898.576416
loss_zeroone = 0.243022
loss_symmetric = 0.170786
fscore = 0.652104
clusters = [[9645,9820,9799,9649,9750,9828,9693,9796,9669,9651,9753,9766,9653,9815,9688,9648,9683,9845,9760,9742,9814,9652,9665,9658,9741,9654,9650,9733,9706,9817,9709,9673,9740,9657,9838,9779,9843,9695,9757,9699,9672,9767,9664,9773,9777,9690,9724,9676,9833,9712,9782,9827,9751,9710,9758,9713,9743,9765,9747,9749,9775,9744,9800,9681,9720,9792,9826,9677,9840,9697,9794,9811,9705,9684,9692,9723,9761,9694,9701,9737,9844,9822,9730,9824,9685,9700,9746,9763,9798,9728,9776,9702,9831,9770,9768,9816,9805,9829,9841,9715,9736,9717,9755,9821,9795,9825,9735],[9828,9646,9769,9686,9734,9802,9781,9719,9810,9656,9784,9745,9726,9679,9812,9791,9670,9756,9818,9783,9707,9819,9778,9804,9663,9714,9662,9716,9680,9668,9667,9809,9785,9682,9789,9764,9704,9754,9675,9839,9671,9773,9777,9690,9724,9771,9676,9762,9787,9833,9712,9782,9827,9751,9710,9758,9713,9743,9765,9747,9749,9775,9744,9800,9681,9732,9711,9691,9842,9720,9840,9722,9698,9731,9772,9727,9803,9797,9837],[9645,9820,9799,9649,9750,9828,9693,9796,9669,9651,9753,9766,9653,9815,9688,9646,9835,9769,9686,9734,9802,9781,9719,9810,9760,9742,9814,9652,9665,9658,9741,9703,9650,9689,9790,9655,9738,9801,9659,9806,9778,9668,9785,9823,9731,9708,9739,9807]]
theta = [[1.288110,-0.028754,0.017314,0.000000,0.005916,0.005916,0.065133,0.039262,0.039262,-0.086248,-0.086248,0.069689,0.036191,0.036191,-0.055674,-0.055674,0.000000,0.000000,0.000000,0.000000,0.178146,0.000000,0.000000,0.000000,0.000000,-0.002784,0.000000,0.000000,0.004842,0.004842,0.033136,0.033136,0.000000,0.000000,0.005494,0.008264,-0.039733,-0.039733,0.000000,0.000000,-0.014938,0.000039,0.000000,0.000000,-0.020962,0.000000,0.005311,0.005311,0.001010,0.001010,-0.028351,-0.028351],[1.378663,0.015140,-0.003582,0.000000,-0.022591,-0.022591,0.105054,0.862293,-0.128024,0.089974,0.089974,0.105999,-0.018981,-0.018981,0.010623,0.010623,0.000000,0.000000,0.000000,0.000000,0.187456,0.000000,0.000000,0.000000,0.000000,-0.002899,0.000000,0.000000,0.004771,0.004771,0.085197,0.085197,0.000000,0.000000,0.031684,0.016337,-0.043939,-0.043939,0.000000,0.000000,0.031347,-0.003657,0.000000,0.000000,0.014930,0.000000,0.005054,0.005054,0.000701,0.000701,0.006564,0.006564],[1.531383,-0.048189,0.030926,0.000000,0.006613,0.006613,0.112300,0.076418,0.076418,0.752448,-0.237870,0.128912,-0.005996,-0.005996,-0.095279,-0.095279,0.000000,0.000000,0.000000,0.000000,0.189475,0.000000,0.000000,0.000000,0.000000,0.042098,0.000000,0.000000,0.005157,0.005157,0.069811,0.069811,0.000000,0.000000,0.033318,0.017213,-0.166729,-0.166729,0.000000,0.000000,0.033363,-0.003991,0.000000,0.000000,-0.022486,0.000000,0.005205,0.005205,0.040544,0.040544,-0.122879,-0.122879]]
alpha = [1.368775,1.363934,1.428070]
runtime = 249.007492
