seed = 3
ll = -1545.062012
loss_zeroone = 0.282020
loss_symmetric = 0.169567
fscore = 0.495962
clusters = [[9645,9820,9799,9649,9750,9828,9693,9796,9669,9651,9753,9766,9653,9815,9688,9835,9760,9742,9814,9652,9665,9658,9741,9703,9654,9748,9650,9733,9706,9695,9757,9699,9672,9767,9662,9773,9777,9690,9724,9676,9833,9712,9782,9827,9751,9710,9758,9713,9743,9765,9747,9749,9775,9744,9800,9681,9720,9840,9694,9701,9737,9746,9763,9798,9728,9831,9768,9816,9805,9841,9715],[9645,9820,9799,9649,9750,9828,9693,9796,9669,9651,9753,9766,9653,9815,9688,9835,9648,9683,9845,9760,9742,9814,9652,9665,9658,9741,9703,9650,9656,9784,9745,9726,9679,9812,9791,9670,9756,9818,9783,9707,9819,9817,9709,9673,9740,9657,9838,9779,9843,9809,9664,9789,9764,9704,9754,9675,9839,9771,9762,9787,9792,9826,9677,9697,9794,9811,9705,9684,9844,9822,9730,9824,9685,9700,9722,9698,9770,9829,9736,9717,9772,9727,9832,9797,9795,9837],[9828,9646,9769,9686,9734,9802,9781,9719,9647,9810,9725,9689,9790,9655,9738,9793,9801,9659,9806,9778,9804,9663,9714,9716,9680,9668,9785,9682,9671,9773,9777,9690,9724,9676,9833,9712,9782,9827,9751,9710,9758,9713,9743,9765,9747,9749,9775,9744,9800,9681,9732,9711,9691,9842,9752,9720,9677,9840,9697,9794,9811,9705,9684,9780,9844,9822,9730,9824,9685,9700,9823,9687,9776,9788,9702,9770,9829,9841,9718,9731,9821,9708,9739,9813,9807,9786,9735],[9828,9646,9769,9686,9734,9802,9781,9719,9810,9656,9784,9745,9726,9679,9812,9791,9670,9756,9818,9783,9707,9819,9695,9757,9699,9672,9661,9778,9767,9714,9662,9716,9680,9668,9667,9809,9785,9682,9789,9764,9704,9754,9675,9839,9671,9771,9762,9787,9732,9711,9691,9842,9692,9723,9761,9694,9701,9737,9823,9746,9763,9798,9728,9831,9722,9698,9768,9816,9805,9715,9755,9731,9772,9727,9803,9708,9739,9797,9825]]
theta = [[1.611757,-0.122271,0.006109,0.991995,-0.017801,-0.017801,0.075727,-0.031061,-0.031061,-0.006709,-0.006709,0.314285,0.082672,0.082672,-0.049252,-0.049252,0.000000,0.000000,0.000000,0.000000,0.337897,0.000000,0.000000,0.000000,0.000000,-0.005955,0.000000,0.000000,-0.000007,-0.000007,0.100750,0.100750,0.000000,0.000000,0.057940,0.023209,0.006402,0.006402,0.000000,0.000000,0.083266,0.025949,0.000000,0.000000,-0.006450,0.000000,0.001224,0.001224,0.001908,0.001908,0.047928,0.047928],[1.564761,0.889894,-0.016689,0.000000,0.048067,0.048067,0.205920,0.022877,0.022877,-0.029847,-0.029847,0.165482,0.011138,0.011138,0.031303,0.031303,0.000000,0.000000,0.000000,0.000000,0.296888,0.000000,0.000000,0.000000,0.000000,0.037108,0.000000,0.000000,0.000008,0.000008,0.100393,0.100393,0.000000,0.000000,-0.004893,0.005799,-0.153511,-0.153511,0.000000,0.000000,0.055134,0.035479,0.000000,0.000000,-0.002244,0.000000,0.000954,0.000954,0.013048,0.013048,-0.143335,-0.143335],[1.540439,0.048728,0.051000,0.000000,-0.051487,0.932522,0.105845,0.086689,0.086689,0.133068,0.133068,0.024498,0.103148,0.103148,-0.030188,-0.030188,0.000000,0.000000,0.000000,0.000000,0.169389,0.000000,0.000000,0.000000,0.000000,-0.000333,0.000000,0.000000,-0.000002,-0.000002,0.017657,0.017657,0.000000,0.000000,0.004373,0.000086,-0.024421,-0.024421,0.000000,0.000000,0.049540,0.025866,0.000000,0.000000,-0.007486,0.000000,-0.000031,-0.000031,0.019014,0.019014,-0.085592,-0.085592],[1.290043,0.052059,0.027159,0.000000,-0.004390,-0.004390,0.133185,0.021111,0.021111,0.109996,0.109996,-0.006718,0.007558,0.007558,0.065685,0.065685,0.000000,0.000000,0.000000,0.000000,0.157661,0.000000,0.000000,0.000000,0.000000,0.035075,0.000000,0.000000,0.000023,0.000023,-0.008704,-0.008704,0.000000,0.000000,0.051700,0.020678,-0.033135,-0.033135,0.000000,0.000000,0.074591,0.022181,0.000000,0.000000,0.999125,0.000000,0.000597,0.000597,0.005167,0.005167,0.011249,0.011249]]
alpha = [1.188173,1.145079,1.141334,1.006073]
runtime = 78.800003
