seed = 0
ll = -1655.024902
loss_zeroone = 0.240000
loss_symmetric = 0.201446
fscore = 0.754086
clusters = [[9902,9929,9893,9848,9889,9925,9859,9862,9888,9909,9915,9940,9926,9933,9918,9864,9938,9865,9917,9851,9853,9907,9901,9849,9942,9946,9908,9866,9869,9900,9879,9852,9850,9878,9897,9941,9876,9928,9873,9898,9891,9881,9899,9863,9854,9932,9905,9857],[9889,9862,9888,9909,9926,9918,9864,9853,9907,9895,9906,9901,9908,9869,9900,9850,9913,9923,9935,9876,9934,9928,9873,9887,9856,9943,9898,9881,9899,9858,9886,9904,9932,9868,9903,9877,9914,9861,9920,9931]]
theta = [[1.029334,-0.216281,0.948712,-0.049003,-0.049003,0.000000,0.070193,0.037575,-0.103585,0.034701,0.034701,-0.002527,-0.002527,0.003056,0.053110,0.089794,0.063771,0.063771,-0.049021,-0.049021,-0.000564,-0.000564,0.000000,-0.164212,-0.263994,0.352521,0.000000,0.000000],[0.950952,-0.271633,0.001518,-0.050013,-0.050013,0.000000,0.071021,0.038131,0.000222,0.015193,0.015193,0.014289,0.014289,0.095464,0.084644,0.193326,-0.148044,-0.148044,0.011391,0.011391,0.039590,0.039590,0.987998,-0.319586,-0.320107,0.099976,0.000000,0.000000]]
alpha = [1.292368,1.340507]
runtime = 6.470000
