seed = 4
ll = -1911.970215
loss_zeroone = 0.250000
loss_symmetric = 0.229670
fscore = 0.718447
clusters = [[9929,9848,9889,9925,9859,9862,9888,9909,9915,9926,9933,9918,9864,9938,9865,9917,9851,9853,9907,9895,9901,9942,9908,9869,9900,9850,9878,9923,9935,9876,9928,9873,9898,9881,9899,9932,9857,9931]]
theta = [[0.929075,-0.034104,0.021711,-0.000200,-0.000200,0.000000,0.348255,0.193545,-0.135856,-0.012140,-0.012140,-0.141860,-0.141860,0.024318,0.288591,-0.225423,-0.110133,-0.110133,0.028123,0.028123,-0.015618,-0.015618,0.000000,-0.363734,-0.573535,0.475175,0.000000,0.000000]]
alpha = [1.968052]
runtime = 3.790000
