seed = 3
ll = -1448.817627
loss_zeroone = 0.302500
loss_symmetric = 0.212279
fscore = 0.608349
clusters = [[9902,9929,9893,9848,9889,9925,9859,9862,9888,9909,9915,9940,9926,9933,9918,9864,9938,9865,9917,9851,9853,9907,9895,9906,9901,9849,9942,9908,9866,9869,9900,9850,9878,9897,9941,9923,9935,9876,9928,9873,9887,9943,9898,9891,9881,9899,9863,9904,9854,9932,9905,9857,9880,9914,9861,9931,9924],[9847,9929,9893,9848,9889,9925,9859,9862,9888,9909,9915,9926,9922,9933,9918,9864,9938,9865,9917,9853,9907,9895,9901,9942,9946,9908,9900,9879,9850,9876,9934,9928,9873,9856,9898,9881,9899,9863,9858,9886,9932,9905,9857,9868,9903,9877,9914,9920,9931],[9902,9889,9862,9888,9909,9926,9918,9864,9851,9901,9908,9869,9900,9879,9852,9850,9913,9878,9941,9923,9935,9876,9934,9873,9887,9856,9943,9898,9881,9899,9858,9886,9904,9932,9883,9868,9937,9903,9877,9912,9861,9920,9931],[9902,9848,9889,9925,9862,9888,9909,9915,9940,9926,9922,9864,9938,9865,9851,9853,9907,9849,9946,9866,9869,9879,9852,9913,9878,9897,9891,9854,9930,9916,9945,9870,9855,9936,9860,9944,9874,9885,9892,9919,9867,9871,9882,9872,9927,9875,9884,9911,9896,9921]]
theta = [[1.045159,-0.136079,0.082285,-0.051027,-0.051027,0.000000,-0.013628,0.000072,-0.021530,-0.016568,-0.016568,-0.040645,-0.040645,-0.153029,-0.084258,0.580735,-0.020893,-0.020893,-0.063796,-0.063796,0.000845,0.000845,0.000000,-0.299125,-0.208874,0.145046,0.000000,0.000000],[0.828662,-0.285960,-0.067059,-0.069317,-0.069317,0.000000,-0.012087,0.000077,-0.026140,0.572879,-0.385221,0.138500,0.138500,0.071204,0.004034,0.034271,0.066635,0.066635,0.037911,0.037911,-0.130896,-0.130896,0.000000,-0.225288,-0.309099,0.207548,0.000000,0.000000],[0.892843,-0.113202,-0.068253,-0.041133,-0.041133,0.000000,-0.012206,-0.000035,-0.014367,-0.003294,-0.003294,-0.014561,-0.014561,0.142058,0.111928,0.380134,-0.073413,-0.073413,-0.020912,-0.020912,-0.300139,0.657961,0.000000,-0.156638,-0.176150,-0.000109,0.000000,0.000000],[0.959509,0.041748,-0.076821,0.097710,0.097710,0.000000,-0.026616,0.976327,-0.010236,0.069486,0.069486,0.104649,0.104649,-0.161955,0.091992,0.076855,0.000075,0.000075,-0.087854,-0.087854,0.090868,0.090868,0.000000,0.033628,-0.018813,0.173334,0.000000,0.000000]]
alpha = [1.175022,1.028031,0.996222,1.091033]
runtime = 12.070000
