seed = 3
ll = -1365.264648
loss_zeroone = 0.332000
loss_symmetric = 0.215886
fscore = 0.546103
clusters = [[9902,9929,9848,9889,9925,9859,9862,9888,9909,9915,9940,9926,9933,9918,9864,9938,9865,9917,9851,9853,9907,9895,9901,9849,9942,9946,9908,9866,9869,9900,9879,9852,9850,9878,9897,9941,9923,9935,9876,9934,9928,9873,9887,9943,9898,9891,9881,9899,9863,9858,9886,9904,9854,9932,9905,9857,9868,9903,9877,9914,9861,9920,9931],[9847,9902,9929,9893,9848,9889,9925,9859,9862,9888,9909,9926,9922,9933,9918,9864,9938,9865,9917,9851,9853,9907,9895,9906,9901,9849,9942,9908,9869,9900,9850,9913,9878,9923,9935,9876,9934,9928,9873,9856,9943,9898,9881,9899,9904,9854,9932,9905,9883,9868,9937,9880,9877,9914,9920,9931],[9847,9902,9929,9893,9848,9889,9925,9859,9862,9888,9909,9915,9940,9926,9933,9918,9864,9938,9865,9917,9853,9907,9906,9942,9908,9869,9879,9852,9913,9897,9928,9891,9857,9930,9916,9945,9870,9855,9936,9860,9944,9880,9874,9885,9892,9912,9894,9872,9927,9910],[9902,9862,9888,9909,9915,9940,9926,9922,9864,9851,9853,9901,9849,9946,9866,9869,9900,9879,9852,9850,9913,9878,9897,9941,9935,9876,9887,9856,9943,9898,9863,9886,9883,9912,9919,9867,9920,9871,9882,9875,9884,9911,9896,9939,9924,9910,9921,9890],[9902,9893,9889,9862,9888,9926,9918,9864,9895,9906,9901,9908,9900,9850,9941,9923,9876,9934,9928,9873,9856,9898,9881,9899,9863,9858,9932,9905,9857,9930,9916,9945,9870,9855,9936,9860,9944,9868,9937,9903,9874,9885,9892,9919,9867,9914,9861,9931,9871,9882,9872,9875,9884,9911,9896,9924,9921]]
theta = [[1.056815,-0.275611,-0.020738,-0.055085,-0.055085,0.000000,0.004749,0.000010,-0.138315,0.046326,0.046326,0.159747,0.159747,0.024540,-0.092489,0.619792,0.052084,0.052084,0.006810,0.006810,-0.033505,-0.033505,0.000000,-0.234748,-0.304560,0.104784,0.000000,0.000000],[0.795772,-0.161545,0.027074,-0.072289,-0.072289,0.000000,0.002949,0.000015,-0.061267,0.542766,-0.421334,-0.122740,-0.122740,0.106685,0.120867,0.083234,-0.027398,-0.027398,0.000252,0.000252,-0.059810,-0.059810,0.000000,-0.192739,-0.148400,0.244362,0.000000,0.000000],[1.024152,-0.020017,-0.037563,0.101361,0.101361,0.000000,-0.009651,-0.000084,0.008927,0.035799,0.035799,-0.048629,-0.048629,-0.200581,-0.017302,0.011686,0.001704,0.001704,-0.002234,-0.002234,-0.306772,0.657328,0.000000,-0.172916,-0.126527,0.203386,0.000000,0.000000],[0.923608,0.042847,-0.020809,-0.049628,-0.049628,0.000000,0.009559,0.986420,0.022926,0.047828,0.047828,-0.000016,-0.000016,-0.001160,0.155531,0.209560,-0.021222,-0.021222,-0.090450,-0.090450,-0.079255,-0.079255,0.000000,-0.014312,0.016881,-0.152574,0.000000,0.000000],[0.934350,-0.076816,0.912904,0.073547,0.073547,0.000000,0.003753,0.000002,0.035668,-0.011420,-0.011420,-0.006537,-0.006537,-0.171525,0.135265,0.225793,-0.079288,-0.079288,-0.112717,-0.112717,-0.058653,-0.058653,0.000000,-0.191824,-0.117041,0.156000,0.000000,0.000000]]
alpha = [1.324239,1.030705,1.053173,1.148854,1.116434]
runtime = 15.450000
