seed = 3
ll = -19903.154297
loss_zeroone = 0.107382
loss_symmetric = 0.147595
fscore = 0.824818
clusters = [[9948,10252,10106,10029,10254,10238,10189,10385,9968,10321,10297,10381,9986,9973,10133,9979,10190,10030,10131,10226,10139,10049,10088,10062,10306,10288,10125,10128,10091,10364,10268,10081,9985,10204,10140,9958,10082,10361,10191,9980,10002,10149,10371,10367,9982,10141,10315,10369,10059,10042,10107,9955,9971,10193,10148,10111,10391,10313,10276,10037,10346,10065,10054,9978,10146,10230,9956,10075,10316,9995,10363,10287,10150,10348,10167,9953,10324,10251,10135,9969,10368,10188,10337,10327,9965,10013,10273,9957,10370,10005,10212,10052,10224,10043,10095,10036,10247,10060,10245,10218,10392,10026,10294,10208,10343,10077,9970,10132,10265,10093,10342,10046,10280,10290,10200,10209]]
theta = [[1.180573,0.111995,-0.051322,0.025623,0.025623,0.000000,0.069738,0.069738,0.034557,-0.093617,0.903966,-0.038494,0.031095,0.076646,-0.023236,-0.023236,0.000000,0.045792,0.000000,-0.008947,-0.105413,-0.105413,0.000000,0.101142,0.101142]]
alpha = [2.496673]
runtime = 381.729980
