seed = 4
ll = -16134.790039
loss_zeroone = 0.158837
loss_symmetric = 0.215423
fscore = 0.550355
clusters = [[9948,10252,10106,10029,10254,10238,10189,10385,9968,10321,10297,10381,9986,9973,10175,10133,9979,10190,10058,10030,10131,10226,10139,10049,10088,10062,10306,10288,10125,10128,10091,10364,10268,10081,9985,10204,10140,9958,10082,10361,10191,9980,10002,10149,10371,10367,9982,10141,10315,10369,10059,10042,10107,9955,9971,10193,10148,10111,10391,9959,10313,10276,10346,10031,10065,10054,9978,10146,10230,10075,10316,9995,10363,10287,10150,10348,10167,9953,10324,10179,10251,10135,9969,10368,10188,10337,10327,9965,10019,10013,10273,9957,10192,10370,10005,10212,10052,9997,10224,10043,10095,10080,10036,10127,10247,10261,10372,10206,10257,10060,10201,10245,10218,10392,10151,10026,10294,10208,10343,10137,10077,9970,10007,10132,10166,10265,10093,10330,10342,10234,10046,10280,10311,10285,10290,10200,10255,10143,10209,10325,10008],[9948,10067,10106,10254,10238,10385,9968,10321,10297,9986,9973,9979,10190,10030,10131,10226,10049,10088,10306,10288,10128,10091,10364,10081,9985,10204,10140,9958,10361,9980,10002,10149,10371,10367,9982,10315,10059,10042,10107,9971,10111,10391,10276,10037,10065,10054,10146,9956,10150,10348,10167,10324,10309,10135,10009,10109,10235,10337,10327,10212,10052,10043,10095,10036,10060,10245,10208,10077,9999,10203,10291,10280,10200,10103,10040,10359,10069,10047,9963,10138,10056,10162,10249,9974,10373,10152,10182,10219,10282,10090,10000],[10106,10029,10254,9968,10297,9986,9973,10133,10088,10306,9985,10191,9982,10315,10369,10037,10054,9978,9956,10324,10006,9951,9996,10278,10344,10320,10109,10235,10073,10072,9969,10100,9961,10164,10259,10383,10087,10218,10392,10077,9970,10093,10270,10183,10272,10379,10115,9966,10194,10033,9983,10271,10145,10174,10274,10034,10047,10277,10021,10155,10231,10209,10334,10158,10351,10263,10017,10246,10129,10016,10332,10353,10022,10352,9988,10373,10152,10354,10299,10157,10182,10240,10233,10147,10079,10205,10357,10356,10215,10057,10322,10041,10160,10292,10097,10286,10012,10358,10219,10336,10102,10050,10123,10360,9975,10293,10070,10253,10338,10305,10308,10085,10185,10121,10039,10333,10318,10076,10004,10199,10220,10063,10232,9992,10045,10376,10242,10250,10284,10055,9990,10228,10211,10365,10119,10078,10181,10096,10010,10387,10195]]
theta = [[1.274768,0.004879,0.023469,0.008993,0.008993,0.000000,0.193881,0.193881,0.028006,0.003231,0.003231,0.038491,0.046098,0.055343,-0.023065,-0.023065,0.000000,0.999327,0.000000,0.083091,-0.001789,-0.001789,0.000000,0.008007,0.008007],[0.994623,0.007420,-0.005911,-0.001267,-0.001267,0.000000,0.127466,0.127466,0.008543,0.001639,0.001639,-0.001621,0.008520,0.016352,0.788151,-0.210933,0.000000,-0.000045,0.000000,0.025910,-0.026234,-0.026234,0.000000,0.006889,0.006889],[1.015817,0.009626,-0.007564,0.000589,0.000589,0.000000,0.028011,0.028011,0.031339,-0.000888,-0.000888,0.034352,0.043288,0.040897,-0.052353,-0.052353,0.000000,-0.000078,0.000000,0.036990,-0.000182,-0.000182,0.000000,0.007373,0.007373]]
alpha = [1.239784,0.928927,1.066548]
runtime = 9473.860352
